0 7 83
0 15 83
0 22 83
0 28 16
1 9 79
1 14 42
1 15 96
1 18 84
1 19 34
1 20 47
1 21 12
1 23 80
1 26 96
1 28 76
1 30 9
1 31 95
1 32 1
1 33 4
2 8 95
2 14 31
2 15 98
2 16 3
2 17 91
2 23 19
2 24 8
2 31 34
3 11 100
3 13 7
3 14 7
3 15 7
3 23 28
3 25 64
3 29 57
3 31 7
3 32 7
4 9 56
4 12 54
4 14 86
4 15 94
4 18 73
4 19 1
4 20 5
4 21 3
4 23 26
4 26 5
4 27 1
4 28 42
4 31 86
4 32 3
5 9 1
5 14 90
5 15 100
5 18 80
5 19 21
5 20 44
5 21 95
5 23 100
5 26 22
5 27 21
5 28 82
5 31 50
5 32 6
5 34 44
6 9 20
6 10 88
6 13 95
6 14 95
6 15 86
6 18 13
6 20 18
6 21 15
6 23 27
6 26 40
6 27 2
6 28 11
6 30 18
6 31 18
6 35 34
