0 89 1
0 90 1
0 91 1
0 92 1
0 93 1
0 94 1
0 95 1
0 96 1
0 97 1
0 98 1
0 99 1
0 100 1
0 101 1
0 102 1
0 103 1
0 104 1
0 105 1
0 106 1
0 107 1
0 108 1
0 109 1
0 111 1
0 112 1
0 113 1
0 114 1
0 115 1
1 92 1
1 93 1
1 94 1
1 97 1
1 98 1
1 101 1
1 102 1
1 104 1
1 105 1
1 106 1
1 107 1
1 108 1
1 112 1
1 115 1
2 87 1
2 110 1
2 114 1
2 115 1
3 114 1
4 93 1
4 101 1
4 106 1
4 109 1
4 114 1
6 93 1
6 104 1
6 114 1
7 104 1
7 109 1
7 115 1
8 92 1
9 89 1
9 92 1
9 93 1
9 97 1
9 98 1
9 101 1
9 104 1
9 105 1
9 109 1
9 114 1
10 105 1
11 104 1
12 93 1
12 114 1
14 91 1
14 93 1
15 93 1
15 109 1
15 114 1
16 102 1
17 109 1
18 93 1
18 114 1
18 115 1
19 93 1
20 104 1
21 104 1
21 115 1
22 104 1
23 93 1
23 106 1
23 114 1
24 114 1
25 104 1
27 105 1
28 104 1
28 109 1
28 114 1
31 87 1
31 110 1
32 110 1
32 115 1
33 110 1
34 110 1
35 110 1
35 115 1
37 110 1
40 110 1
41 87 1
41 115 1
44 87 1
44 99 1
44 100 1
45 87 1
45 99 1
45 100 1
45 110 1
45 115 1
46 115 1
56 110 1
