0 129 1
0 130 1
0 131 1
0 132 1
0 133 1
0 135 1
0 136 1
0 137 1
0 138 1
0 139 1
0 140 1
0 141 1
0 142 1
0 147 1
0 148 1
0 150 1
0 151 1
0 152 1
0 153 1
0 154 1
0 155 1
0 156 1
0 157 1
0 158 1
0 159 1
0 160 1
0 162 1
0 165 1
0 167 1
0 168 1
0 169 1
1 167 1
2 130 1
2 131 1
2 132 1
2 134 1
2 137 1
2 138 1
2 139 1
2 140 1
2 142 1
2 143 1
2 144 1
2 145 1
2 146 1
2 149 1
2 151 1
2 152 1
2 154 1
2 155 1
2 156 1
2 158 1
2 159 1
2 162 1
2 166 1
2 167 1
3 129 1
3 130 1
3 150 1
3 164 1
4 167 1
5 130 1
5 132 1
5 134 1
5 137 1
5 139 1
5 145 1
5 149 1
5 151 1
5 153 1
5 159 1
5 167 1
6 139 1
6 145 1
6 167 1
7 139 1
7 167 1
8 167 1
9 155 1
9 156 1
10 131 1
10 137 1
10 138 1
10 139 1
10 143 1
10 145 1
10 151 1
10 153 1
10 154 1
10 155 1
10 156 1
10 158 1
10 160 1
10 167 1
10 168 1
11 140 1
11 152 1
11 153 1
11 160 1
11 166 1
11 168 1
12 132 1
12 134 1
12 138 1
12 139 1
12 142 1
12 145 1
12 151 1
12 153 1
12 159 1
12 160 1
12 166 1
12 167 1
13 155 1
14 159 1
15 167 1
16 144 1
17 137 1
18 132 1
18 145 1
19 130 1
19 149 1
19 153 1
19 167 1
20 151 1
20 155 1
20 156 1
20 167 1
21 131 1
21 139 1
21 155 1
21 156 1
21 167 1
21 168 1
22 155 1
23 132 1
23 139 1
23 145 1
23 167 1
24 153 1
25 132 1
26 132 1
27 142 1
28 158 1
29 134 1
29 140 1
29 145 1
29 167 1
30 142 1
31 132 1
31 133 1
31 136 1
31 141 1
32 130 1
32 132 1
32 133 1
32 136 1
32 139 1
32 145 1
32 151 1
32 154 1
32 155 1
32 156 1
32 168 1
34 132 1
34 159 1
35 167 1
36 132 1
37 153 1
38 132 1
38 139 1
38 155 1
38 156 1
38 167 1
39 130 1
39 131 1
39 132 1
39 133 1
39 134 1
39 136 1
39 137 1
39 138 1
39 140 1
39 143 1
39 144 1
39 145 1
39 146 1
39 149 1
39 151 1
39 152 1
39 153 1
39 154 1
39 157 1
39 158 1
39 159 1
39 160 1
39 161 1
39 162 1
39 163 1
39 165 1
39 166 1
40 130 1
40 139 1
40 167 1
41 167 1
42 133 1
42 136 1
43 137 1
43 139 1
43 152 1
44 169 1
45 169 1
49 129 1
49 147 1
49 164 1
49 169 1
52 129 1
53 164 1
54 129 1
54 135 1
54 148 1
54 164 1
54 169 1
63 169 1
67 129 1
67 161 1
69 129 1
