0 26 1
0 27 1
0 28 1
0 29 1
0 30 1
0 31 1
0 32 1
0 33 1
0 34 1
0 35 1
1 26 1
1 27 1
1 28 1
1 29 1
1 30 1
1 31 1
1 32 1
2 26 1
2 27 1
2 28 1
2 29 1
2 30 1
2 32 1
2 33 1
3 28 1
3 29 1
3 30 1
3 32 1
4 26 1
4 27 1
4 28 1
4 29 1
4 30 1
4 31 1
5 26 1
5 27 1
5 29 1
5 30 1
6 26 1
6 28 1
6 31 1
6 33 1
7 27 1
7 29 1
7 30 1
8 26 1
8 27 1
8 28 1
8 31 1
9 28 1
9 29 1
9 31 1
10 26 1
10 28 1
10 31 1
11 26 1
11 28 1
11 29 1
12 26 1
12 32 1
12 33 1
13 26 1
13 27 1
13 32 1
14 27 1
14 31 1
15 26 1
15 29 1
16 28 1
16 29 1
17 26 1
17 27 1
18 27 1
19 29 1
20 26 1
21 29 1
22 27 1
23 28 1
24 32 1
25 27 1
