0 135 1
0 140 1
0 143 1
1 99 1
1 140 1
2 99 1
2 130 1
2 135 1
2 140 1
2 143 1
2 146 1
2 148 1
2 149 1
2 154 1
3 128 1
4 123 1
4 127 1
4 135 1
4 136 1
4 143 1
4 152 1
4 154 1
4 162 1
5 135 1
5 142 1
5 143 1
5 146 1
6 99 1
6 115 1
6 127 1
6 128 1
6 129 1
6 154 1
6 173 1
7 135 1
7 140 1
7 143 1
7 148 1
7 149 1
8 135 1
9 135 1
10 127 1
10 135 1
10 140 1
11 135 1
11 140 1
12 115 1
12 117 1
12 121 1
12 123 1
12 124 1
12 126 1
12 127 1
12 128 1
12 129 1
12 130 1
12 181 1
13 115 1
13 122 1
13 127 1
13 128 1
13 135 1
13 140 1
13 152 1
14 135 1
14 140 1
14 143 1
14 146 1
15 103 1
15 105 1
15 108 1
15 113 1
15 128 1
15 135 1
15 136 1
15 137 1
15 138 1
15 148 1
15 161 1
16 146 1
17 115 1
17 140 1
17 168 1
17 170 1
18 118 1
18 120 1
18 127 1
18 135 1
18 138 1
18 140 1
18 142 1
18 143 1
18 146 1
18 147 1
18 148 1
18 150 1
18 155 1
18 172 1
18 173 1
19 141 1
20 154 1
21 148 1
22 135 1
23 148 1
24 120 1
25 125 1
25 164 1
26 164 1
27 120 1
28 105 1
28 107 1
28 109 1
28 120 1
28 124 1
28 125 1
28 128 1
28 131 1
28 133 1
28 134 1
28 159 1
28 161 1
28 162 1
28 163 1
28 164 1
28 167 1
28 179 1
28 180 1
28 181 1
28 182 1
28 183 1
28 184 1
28 185 1
29 137 1
30 127 1
31 115 1
31 117 1
31 121 1
31 122 1
31 123 1
31 126 1
31 127 1
31 128 1
31 147 1
32 114 1
32 140 1
33 114 1
33 115 1
33 127 1
34 112 1
34 161 1
35 120 1
36 109 1
36 116 1
36 126 1
36 135 1
36 136 1
36 139 1
36 151 1
36 153 1
36 156 1
36 158 1
36 159 1
36 161 1
36 163 1
36 170 1
36 171 1
36 174 1
36 175 1
36 177 1
36 178 1
36 184 1
37 108 1
37 127 1
37 128 1
38 129 1
39 122 1
40 101 1
40 102 1
40 106 1
40 116 1
40 121 1
40 157 1
41 111 1
41 145 1
41 162 1
42 135 1
42 143 1
43 113 1
43 167 1
43 184 1
44 135 1
45 99 1
45 117 1
45 122 1
45 127 1
45 128 1
45 129 1
45 135 1
45 140 1
45 142 1
45 146 1
45 148 1
45 152 1
45 154 1
45 162 1
45 173 1
45 176 1
46 143 1
46 148 1
47 99 1
47 117 1
47 127 1
47 128 1
47 129 1
47 181 1
48 161 1
49 161 1
49 182 1
50 143 1
50 149 1
51 118 1
51 135 1
52 126 1
52 127 1
52 132 1
53 103 1
53 108 1
53 112 1
53 113 1
53 114 1
53 115 1
53 116 1
53 117 1
53 118 1
53 119 1
53 122 1
53 127 1
53 130 1
53 133 1
53 134 1
53 135 1
53 138 1
53 140 1
53 141 1
53 142 1
53 143 1
53 146 1
53 161 1
53 162 1
53 164 1
53 165 1
53 166 1
53 167 1
53 180 1
53 181 1
53 182 1
53 183 1
54 135 1
55 135 1
56 136 1
57 136 1
58 115 1
58 118 1
58 127 1
58 128 1
59 115 1
60 100 1
61 126 1
61 135 1
61 184 1
62 184 1
63 113 1
63 181 1
64 113 1
65 181 1
66 113 1
66 161 1
66 167 1
66 179 1
66 181 1
67 113 1
67 115 1
67 141 1
68 113 1
68 118 1
68 125 1
68 127 1
68 141 1
68 162 1
68 181 1
68 184 1
69 113 1
70 141 1
70 142 1
70 144 1
70 146 1
71 144 1
71 146 1
72 117 1
72 147 1
72 160 1
73 104 1
73 110 1
73 115 1
73 119 1
73 122 1
73 127 1
73 128 1
73 135 1
73 140 1
73 148 1
73 152 1
73 154 1
73 177 1
74 112 1
75 112 1
76 112 1
76 118 1
76 137 1
76 138 1
76 158 1
76 159 1
77 113 1
77 127 1
78 125 1
79 125 1
79 127 1
79 135 1
79 173 1
79 181 1
80 128 1
80 135 1
81 128 1
81 143 1
82 129 1
83 129 1
83 133 1
83 137 1
84 133 1
85 133 1
86 136 1
87 136 1
88 136 1
88 140 1
88 143 1
88 149 1
88 154 1
88 170 1
89 137 1
89 148 1
89 161 1
89 164 1
89 180 1
90 144 1
91 147 1
91 161 1
92 158 1
93 161 1
94 161 1
95 161 1
95 182 1
96 169 1
97 183 1
98 184 1
98 185 1
