0 83 1
1 84 1
1 85 1
2 69 1
2 75 1
2 87 1
3 74 1
3 76 1
3 78 1
4 86 1
4 97 1
5 93 1
6 69 1
6 74 1
6 75 1
7 65 1
7 69 1
7 71 1
7 74 1
7 76 1
7 78 1
7 86 1
7 87 1
8 61 1
8 63 1
8 65 1
8 67 1
8 75 1
8 85 1
8 89 1
8 92 1
9 95 1
9 96 1
10 83 1
10 84 1
10 85 1
11 85 1
12 85 1
13 73 1
14 66 1
14 68 1
14 70 1
14 72 1
14 73 1
14 76 1
14 80 1
14 82 1
14 88 1
14 89 1
14 90 1
14 92 1
14 98 1
14 99 1
14 100 1
14 101 1
15 69 1
15 71 1
15 74 1
15 75 1
15 77 1
15 78 1
16 68 1
16 69 1
16 77 1
16 78 1
16 87 1
17 83 1
17 85 1
18 87 1
18 89 1
18 93 1
18 99 1
18 100 1
19 64 1
19 84 1
19 88 1
19 89 1
20 63 1
20 65 1
20 72 1
20 76 1
20 84 1
20 85 1
21 62 1
21 87 1
21 93 1
22 67 1
23 74 1
23 76 1
23 85 1
23 86 1
24 75 1
25 87 1
25 89 1
26 87 1
26 89 1
26 93 1
26 99 1
26 100 1
26 101 1
27 65 1
27 78 1
27 84 1
28 61 1
28 63 1
28 67 1
28 69 1
28 72 1
28 74 1
28 77 1
28 78 1
28 82 1
28 89 1
28 91 1
28 94 1
28 97 1
28 100 1
28 101 1
29 76 1
29 87 1
30 97 1
31 67 1
32 67 1
33 67 1
33 89 1
34 67 1
35 67 1
35 73 1
35 77 1
35 78 1
36 67 1
37 87 1
38 68 1
38 87 1
38 97 1
38 102 1
39 74 1
39 76 1
39 85 1
40 65 1
40 78 1
41 65 1
41 74 1
41 78 1
41 82 1
41 93 1
41 98 1
41 99 1
41 100 1
42 65 1
42 88 1
43 67 1
44 73 1
44 77 1
45 73 1
46 74 1
46 79 1
46 85 1
46 87 1
46 89 1
46 91 1
46 93 1
46 98 1
46 99 1
46 100 1
47 76 1
48 76 1
49 78 1
50 81 1
51 82 1
52 82 1
53 83 1
53 89 1
54 83 1
55 86 1
56 86 1
56 87 1
56 97 1
57 89 1
58 89 1
59 89 1
59 101 1
60 96 1
