0 50 1
1 44 1
1 45 1
1 46 1
1 47 1
1 48 1
1 50 1
1 60 1
2 39 1
2 44 1
2 47 1
3 50 1
4 61 1
5 31 1
5 35 1
5 37 1
5 38 1
5 39 1
5 42 1
5 43 1
5 51 1
5 53 1
5 54 1
5 55 1
5 57 1
5 61 1
5 63 1
5 64 1
5 65 1
5 66 1
6 32 1
6 33 1
6 34 1
6 46 1
7 61 1
7 62 1
8 28 1
8 29 1
8 42 1
8 61 1
9 50 1
10 44 1
11 37 1
11 41 1
11 49 1
11 50 1
11 59 1
11 65 1
12 59 1
13 36 1
13 39 1
13 40 1
13 41 1
13 44 1
13 52 1
13 58 1
13 60 1
13 61 1
14 44 1
14 45 1
15 50 1
16 60 1
17 62 1
18 32 1
18 34 1
18 37 1
18 49 1
18 50 1
18 59 1
18 60 1
18 65 1
18 66 1
18 67 1
18 68 1
19 30 1
20 41 1
20 49 1
20 61 1
21 42 1
22 42 1
23 42 1
24 44 1
24 48 1
24 60 1
25 47 1
26 56 1
27 62 1
