0 12 1
0 14 1
0 16 1
0 19 25
0 20 19
0 21 1
0 24 1
0 25 8
0 26 1
0 39 1
1 12 7
1 13 13
1 15 1
1 16 8
1 17 2
1 18 2
1 19 155
1 20 55
1 21 2
1 22 7
1 23 9
1 24 4
1 25 40
1 26 6
1 27 17
1 29 4
1 30 3
1 32 1
1 35 2
1 37 8
1 38 2
2 12 16
2 13 1
2 20 2
2 27 7
2 29 8
2 33 1
3 12 5
3 13 1
3 16 1
3 26 1
4 10 1
4 12 23
4 13 1
4 16 2
4 17 9
4 19 1
4 20 1
4 25 2
4 26 4
4 29 17
4 31 2
4 35 2
5 9 1
5 12 10
5 13 2
5 15 1
5 16 2
5 17 2
5 19 12
5 20 6
5 22 2
5 25 1
5 26 4
5 27 22
5 29 10
5 30 3
5 33 47
5 35 2
5 36 1
5 37 1
6 11 1
6 12 13
6 13 4
6 14 1
6 15 12
6 16 12
6 17 15
6 19 8
6 20 8
6 21 1
6 24 2
6 25 5
6 27 58
6 28 1
6 29 104
6 30 1
6 31 5
6 33 2
6 34 2
6 35 4
6 39 2
7 9 3
7 12 13
7 13 5
7 15 17
7 16 2
7 17 2
7 19 45
7 20 20
7 25 13
7 26 3
7 27 24
7 29 75
7 30 1
7 31 2
7 35 1
7 37 1
8 12 3
8 13 3
8 19 1
8 22 1
8 25 4
8 26 7
8 27 3
8 29 23
8 31 1
8 33 10
8 39 1
