0 114 1
0 115 1
0 116 1
0 117 1
0 118 1
0 119 1
0 120 1
0 121 1
0 123 1
0 124 1
0 125 1
0 126 1
0 127 1
0 128 1
0 129 1
0 131 1
0 132 1
0 133 1
0 134 1
0 135 1
0 136 1
0 137 1
0 138 1
0 139 1
0 140 1
0 141 1
0 142 1
0 143 1
0 145 1
0 146 1
0 149 1
0 152 1
0 153 1
0 155 1
0 156 1
1 157 1
2 115 1
2 117 1
2 124 1
2 125 1
2 126 1
2 129 1
2 135 1
2 138 1
2 139 1
2 143 1
2 146 1
2 149 1
2 156 1
2 157 1
3 115 1
3 123 1
3 127 1
3 129 1
3 137 1
3 140 1
3 145 1
3 155 1
4 115 1
4 118 1
4 141 1
4 145 1
4 152 1
5 115 1
5 118 1
5 121 1
5 124 1
5 129 1
5 143 1
5 152 1
6 118 1
6 141 1
6 145 1
7 123 1
7 138 1
7 149 1
8 123 1
9 141 1
9 145 1
10 118 1
10 124 1
10 142 1
10 155 1
11 117 1
11 123 1
11 125 1
11 137 1
11 139 1
11 141 1
11 145 1
11 146 1
11 155 1
12 124 1
12 138 1
12 149 1
13 115 1
13 117 1
13 118 1
13 124 1
13 129 1
13 138 1
13 149 1
13 150 1
13 155 1
14 121 1
14 125 1
14 146 1
15 115 1
15 117 1
15 118 1
15 121 1
15 123 1
15 124 1
15 125 1
15 126 1
15 129 1
15 132 1
15 137 1
15 139 1
15 143 1
15 145 1
15 146 1
15 153 1
15 155 1
16 115 1
16 138 1
16 149 1
17 138 1
17 149 1
17 150 1
18 141 1
18 145 1
19 123 1
20 115 1
20 138 1
20 149 1
21 125 1
21 137 1
21 146 1
22 125 1
22 132 1
22 146 1
23 114 1
23 115 1
23 117 1
23 118 1
23 121 1
23 123 1
23 124 1
23 125 1
23 126 1
23 128 1
23 129 1
23 132 1
23 137 1
23 138 1
23 141 1
23 143 1
23 145 1
23 146 1
23 149 1
23 150 1
23 152 1
23 153 1
23 155 1
24 126 1
25 126 1
25 132 1
26 125 1
26 146 1
26 155 1
27 138 1
27 149 1
28 115 1
28 129 1
28 150 1
28 155 1
29 114 1
30 115 1
30 117 1
30 132 1
30 137 1
30 145 1
30 150 1
30 152 1
31 115 1
32 114 1
32 115 1
32 117 1
32 118 1
32 123 1
32 124 1
32 125 1
32 126 1
32 127 1
32 129 1
32 132 1
32 135 1
32 137 1
32 139 1
32 140 1
32 141 1
32 142 1
32 145 1
32 146 1
32 150 1
32 152 1
32 153 1
32 155 1
33 123 1
33 124 1
33 139 1
33 150 1
34 117 1
34 126 1
34 142 1
43 157 1
44 130 1
44 157 1
54 130 1
54 157 1
58 122 1
58 136 1
58 144 1
58 151 1
59 157 1
60 115 1
60 122 1
60 130 1
60 136 1
60 142 1
60 147 1
60 157 1
62 136 1
62 144 1
62 157 1
68 157 1
72 157 1
76 157 1
77 157 1
