0 136 1
0 137 1
0 138 1
0 139 1
0 140 1
0 141 1
0 142 1
0 143 1
0 144 1
0 145 1
0 146 1
0 147 1
0 148 1
0 149 1
0 150 1
0 151 1
0 152 1
0 153 1
0 154 1
0 157 1
0 158 1
0 159 1
0 160 1
0 161 1
0 162 1
0 163 1
0 164 1
0 165 1
0 167 1
0 168 1
0 169 1
0 170 1
0 171 1
0 172 1
0 173 1
1 137 1
1 148 1
1 154 1
1 164 1
1 173 1
2 136 1
2 137 1
2 138 1
2 139 1
2 144 1
2 153 1
2 158 1
2 160 1
2 165 1
2 167 1
2 171 1
2 172 1
3 138 1
3 139 1
3 167 1
3 168 1
4 137 1
4 138 1
4 139 1
4 140 1
4 144 1
4 147 1
4 149 1
4 151 1
4 153 1
4 158 1
4 163 1
4 165 1
4 168 1
4 171 1
5 142 1
5 143 1
5 144 1
5 147 1
5 149 1
5 152 1
5 153 1
5 161 1
5 162 1
5 171 1
6 137 1
6 140 1
6 149 1
6 153 1
6 171 1
7 136 1
8 136 1
8 137 1
8 138 1
8 139 1
8 140 1
8 142 1
8 143 1
8 144 1
8 147 1
8 149 1
8 150 1
8 151 1
8 152 1
8 153 1
8 157 1
8 158 1
8 160 1
8 161 1
8 163 1
8 165 1
8 167 1
8 168 1
8 171 1
8 172 1
9 150 1
9 151 1
9 163 1
9 167 1
9 168 1
10 137 1
10 139 1
10 140 1
10 144 1
10 147 1
10 165 1
11 144 1
11 149 1
12 138 1
12 140 1
12 144 1
13 138 1
13 144 1
13 147 1
13 150 1
13 161 1
13 171 1
14 159 1
14 161 1
15 159 1
16 136 1
16 137 1
16 138 1
16 139 1
16 140 1
16 141 1
16 144 1
16 145 1
16 146 1
16 147 1
16 149 1
16 158 1
16 159 1
16 165 1
16 169 1
16 171 1
17 136 1
17 137 1
17 138 1
17 140 1
17 141 1
17 142 1
17 143 1
17 144 1
17 145 1
17 146 1
17 147 1
17 149 1
17 152 1
17 153 1
17 159 1
17 165 1
17 168 1
17 171 1
18 171 1
19 138 1
19 140 1
19 144 1
19 150 1
19 158 1
19 168 1
19 171 1
20 149 1
20 153 1
20 171 1
21 137 1
21 138 1
21 140 1
21 144 1
21 150 1
21 152 1
21 161 1
21 165 1
22 137 1
22 138 1
22 140 1
22 142 1
22 143 1
22 144 1
22 147 1
22 149 1
22 152 1
22 153 1
22 157 1
22 171 1
23 137 1
23 144 1
23 147 1
23 153 1
24 147 1
24 152 1
24 157 1
24 162 1
24 165 1
24 170 1
24 171 1
25 137 1
25 138 1
25 139 1
25 140 1
25 141 1
25 142 1
25 143 1
25 144 1
25 145 1
25 147 1
25 158 1
25 165 1
25 171 1
26 149 1
26 158 1
26 159 1
27 138 1
27 139 1
27 140 1
27 144 1
27 146 1
27 149 1
27 152 1
27 158 1
27 159 1
27 165 1
27 169 1
27 171 1
28 138 1
28 140 1
28 144 1
28 150 1
28 151 1
28 152 1
28 153 1
28 161 1
28 163 1
28 168 1
28 171 1
29 136 1
30 137 1
30 138 1
30 140 1
30 144 1
30 171 1
31 140 1
31 141 1
31 144 1
31 145 1
31 146 1
31 147 1
31 153 1
31 158 1
31 165 1
31 171 1
32 153 1
32 159 1
33 138 1
33 146 1
33 147 1
33 153 1
33 168 1
34 140 1
34 144 1
34 150 1
34 158 1
34 159 1
34 168 1
34 172 1
35 140 1
35 150 1
36 147 1
36 150 1
37 138 1
37 140 1
37 147 1
37 149 1
37 151 1
37 158 1
37 159 1
37 160 1
37 162 1
37 163 1
37 165 1
38 162 1
38 168 1
39 167 1
39 168 1
40 147 1
41 138 1
41 171 1
42 137 1
42 140 1
42 147 1
42 149 1
42 150 1
42 157 1
42 159 1
42 165 1
42 168 1
42 171 1
43 137 1
43 139 1
43 140 1
43 146 1
43 147 1
43 150 1
43 161 1
43 171 1
44 136 1
44 137 1
44 138 1
44 140 1
44 171 1
45 138 1
45 144 1
45 171 1
46 137 1
47 139 1
48 137 1
48 138 1
48 144 1
48 151 1
48 160 1
48 163 1
48 168 1
48 171 1
49 137 1
49 173 1
50 173 1
51 173 1
53 173 1
54 173 1
55 137 1
55 138 1
55 148 1
56 137 1
56 148 1
57 148 1
57 173 1
60 154 1
60 164 1
60 173 1
61 173 1
62 148 1
62 154 1
62 164 1
62 173 1
63 166 1
64 173 1
65 173 1
66 173 1
67 173 1
72 137 1
72 156 1
72 171 1
77 173 1
78 173 1
79 173 1
81 154 1
81 164 1
81 173 1
84 156 1
84 173 1
