0 148 1
0 149 1
0 151 1
0 152 1
0 153 1
0 155 1
0 156 1
0 157 1
0 158 1
0 159 1
0 160 1
0 161 1
0 162 1
0 165 1
0 166 1
0 168 1
0 169 1
0 173 1
0 174 1
0 175 1
0 177 1
0 178 1
0 181 1
0 183 1
0 184 1
0 185 1
0 186 1
0 188 1
1 150 1
1 154 1
1 172 1
1 179 1
1 182 1
1 189 1
2 148 1
2 149 1
2 151 1
2 153 1
2 165 1
2 166 1
2 168 1
2 174 1
2 181 1
2 184 1
2 187 1
2 188 1
3 148 1
3 149 1
3 151 1
3 164 1
3 165 1
3 168 1
4 148 1
4 149 1
4 151 1
4 152 1
4 153 1
4 155 1
4 156 1
4 157 1
4 158 1
4 159 1
4 160 1
4 161 1
4 162 1
4 164 1
4 165 1
4 166 1
4 167 1
4 168 1
4 173 1
4 174 1
4 175 1
4 178 1
4 181 1
4 184 1
5 149 1
5 151 1
5 152 1
5 155 1
5 157 1
5 159 1
5 160 1
5 161 1
5 164 1
5 165 1
5 166 1
5 167 1
5 168 1
5 173 1
5 174 1
5 175 1
5 181 1
5 184 1
6 149 1
6 152 1
6 156 1
6 159 1
6 164 1
6 166 1
6 167 1
6 173 1
6 183 1
7 184 1
8 164 1
9 148 1
9 149 1
9 153 1
9 155 1
9 156 1
9 159 1
9 160 1
9 161 1
9 164 1
9 165 1
9 166 1
9 168 1
9 173 1
9 174 1
9 175 1
9 178 1
9 183 1
9 184 1
9 185 1
9 186 1
9 188 1
10 149 1
10 151 1
10 152 1
10 153 1
10 155 1
10 156 1
10 157 1
10 158 1
10 159 1
10 160 1
10 161 1
10 162 1
10 164 1
10 165 1
10 167 1
10 168 1
10 169 1
10 173 1
10 174 1
10 175 1
10 178 1
10 181 1
10 183 1
10 184 1
10 185 1
10 186 1
11 149 1
11 152 1
11 162 1
11 164 1
11 166 1
11 168 1
12 166 1
12 168 1
13 148 1
13 157 1
13 164 1
13 167 1
14 148 1
14 149 1
14 152 1
14 153 1
14 155 1
14 156 1
14 158 1
14 159 1
14 160 1
14 161 1
14 164 1
14 165 1
14 167 1
14 168 1
14 169 1
14 173 1
14 174 1
14 181 1
14 183 1
14 184 1
14 185 1
14 186 1
15 149 1
15 151 1
15 152 1
15 155 1
15 156 1
15 157 1
15 160 1
15 161 1
15 165 1
15 166 1
15 168 1
15 173 1
15 174 1
15 175 1
15 184 1
15 185 1
15 186 1
16 153 1
16 164 1
16 165 1
16 168 1
16 181 1
17 149 1
18 148 1
18 149 1
18 151 1
18 152 1
18 155 1
18 156 1
18 159 1
18 160 1
18 161 1
18 164 1
18 165 1
18 166 1
18 167 1
18 168 1
18 173 1
18 174 1
18 175 1
18 178 1
18 181 1
18 184 1
19 148 1
19 149 1
19 151 1
19 152 1
19 153 1
19 155 1
19 156 1
19 157 1
19 158 1
19 159 1
19 160 1
19 161 1
19 164 1
19 165 1
19 166 1
19 168 1
19 169 1
19 173 1
19 174 1
19 175 1
19 176 1
19 178 1
19 181 1
19 183 1
19 184 1
19 185 1
19 186 1
20 155 1
21 148 1
21 149 1
21 151 1
21 152 1
21 153 1
21 155 1
21 165 1
21 168 1
21 173 1
21 175 1
21 178 1
21 184 1
22 155 1
23 148 1
23 149 1
23 151 1
23 152 1
23 155 1
23 159 1
23 160 1
23 161 1
23 162 1
23 164 1
23 165 1
23 166 1
23 167 1
23 168 1
23 173 1
23 174 1
23 175 1
23 178 1
23 181 1
23 184 1
24 152 1
24 153 1
24 168 1
24 174 1
24 181 1
25 148 1
25 149 1
25 152 1
25 155 1
25 156 1
25 157 1
25 158 1
25 159 1
25 160 1
25 164 1
25 166 1
25 167 1
25 169 1
25 173 1
25 174 1
25 175 1
25 176 1
25 178 1
25 181 1
25 183 1
25 184 1
25 185 1
25 186 1
25 188 1
26 148 1
26 149 1
26 152 1
26 155 1
26 156 1
26 158 1
26 164 1
26 165 1
26 166 1
26 167 1
26 168 1
26 173 1
26 175 1
26 184 1
27 149 1
28 148 1
28 151 1
28 153 1
28 159 1
28 160 1
28 161 1
28 164 1
28 166 1
28 167 1
28 168 1
28 173 1
28 174 1
28 175 1
28 176 1
28 178 1
28 181 1
28 188 1
29 174 1
30 148 1
30 149 1
30 152 1
30 153 1
30 155 1
30 158 1
30 159 1
30 160 1
30 164 1
30 165 1
30 167 1
30 174 1
30 175 1
30 181 1
31 153 1
31 156 1
31 157 1
31 159 1
31 160 1
31 164 1
31 165 1
31 166 1
31 168 1
31 169 1
31 173 1
31 175 1
31 181 1
32 148 1
32 149 1
32 160 1
32 168 1
32 174 1
32 188 1
33 149 1
33 151 1
33 152 1
33 153 1
33 155 1
33 160 1
33 164 1
33 165 1
33 166 1
33 173 1
33 174 1
33 175 1
34 165 1
35 148 1
35 149 1
35 152 1
35 165 1
35 168 1
35 188 1
36 148 1
36 149 1
36 152 1
36 155 1
36 156 1
36 159 1
36 160 1
36 161 1
36 165 1
36 167 1
36 173 1
36 175 1
36 178 1
36 181 1
36 185 1
36 186 1
37 152 1
37 153 1
37 159 1
37 164 1
37 165 1
37 168 1
37 175 1
38 149 1
38 151 1
38 156 1
38 159 1
38 160 1
38 161 1
38 164 1
38 165 1
38 166 1
38 167 1
38 168 1
38 173 1
38 174 1
38 184 1
39 149 1
39 152 1
39 153 1
39 164 1
39 173 1
39 174 1
39 175 1
39 181 1
39 184 1
40 157 1
40 160 1
40 161 1
40 168 1
40 175 1
40 181 1
40 184 1
41 159 1
42 168 1
43 161 1
43 165 1
43 175 1
43 181 1
44 152 1
44 161 1
45 152 1
45 155 1
45 156 1
45 158 1
45 159 1
45 160 1
45 164 1
45 165 1
45 166 1
45 169 1
45 173 1
45 174 1
45 175 1
46 174 1
46 188 1
47 149 1
47 151 1
47 152 1
47 153 1
47 155 1
47 156 1
47 157 1
47 158 1
47 160 1
47 164 1
47 165 1
47 166 1
47 167 1
47 168 1
47 169 1
47 173 1
47 174 1
47 178 1
47 181 1
47 184 1
48 149 1
49 149 1
49 151 1
49 152 1
49 153 1
49 160 1
49 162 1
49 164 1
49 166 1
49 167 1
49 168 1
49 174 1
49 178 1
49 184 1
49 188 1
50 148 1
51 153 1
51 160 1
51 164 1
51 167 1
51 175 1
51 184 1
52 157 1
52 161 1
53 182 1
54 189 1
55 189 1
57 163 1
57 180 1
57 188 1
57 189 1
60 163 1
60 172 1
60 180 1
61 163 1
61 180 1
62 179 1
62 182 1
63 154 1
63 163 1
63 170 1
63 172 1
63 179 1
63 180 1
63 182 1
66 189 1
68 189 1
69 150 1
69 163 1
69 180 1
69 182 1
69 189 1
70 189 1
71 179 1
71 189 1
75 163 1
75 170 1
75 180 1
75 189 1
79 170 1
79 182 1
85 189 1
87 189 1
89 189 1
91 189 1
