0 136 4
0 137 4
0 138 4
0 139 4
0 140 4
0 142 4
0 143 4
0 144 4
0 145 4
0 147 4
0 148 4
0 149 4
0 150 4
0 151 4
0 152 4
0 153 4
0 156 4
0 157 4
0 158 4
0 160 4
0 173 4
0 183 4
1 146 4
1 147 4
1 154 4
1 155 4
1 173 4
1 183 4
2 141 4
2 159 4
2 173 4
2 183 4
2 186 4
2 188 4
2 190 4
2 191 4
2 192 4
2 202 4
3 145 4
3 147 4
3 150 4
3 151 4
3 166 4
3 167 4
3 173 4
3 174 4
3 183 4
3 200 4
4 138 4
4 144 4
4 145 4
4 147 4
4 152 4
4 153 4
4 156 4
4 158 4
4 160 4
4 161 4
4 173 4
4 183 4
5 166 4
5 167 4
5 169 4
6 166 4
6 167 4
6 173 4
6 183 4
7 138 4
7 148 4
7 149 4
7 160 4
7 161 4
7 162 4
7 163 4
7 164 4
7 169 4
8 165 4
8 169 4
8 171 4
8 172 4
8 173 4
8 174 4
8 175 4
8 176 4
8 177 4
8 179 4
8 182 4
8 183 4
8 184 4
8 185 4
8 189 4
9 165 4
9 171 4
9 172 4
9 173 4
9 174 4
9 175 4
9 176 4
9 177 4
9 179 4
9 182 4
9 183 4
9 184 4
9 185 4
9 189 4
9 223 3
9 235 2
9 237 2
10 165 4
10 171 4
10 172 4
10 173 4
10 174 4
10 175 4
10 176 4
10 177 4
10 179 4
10 182 4
10 183 4
10 184 4
10 185 4
10 189 4
11 165 4
11 171 4
11 172 4
11 173 4
11 174 4
11 175 4
11 176 4
11 177 4
11 179 4
11 182 4
11 183 4
11 184 4
11 185 4
11 189 4
11 233 2
11 235 2
11 237 2
12 165 4
12 171 4
12 172 4
12 173 4
12 174 4
12 175 4
12 176 4
12 177 4
12 179 4
12 182 4
12 183 4
12 184 4
12 185 4
12 189 4
12 237 2
13 216 6
13 217 6
13 225 1
14 165 4
14 170 4
14 171 4
14 174 4
14 175 4
14 176 4
14 179 4
14 184 4
14 185 4
14 189 4
14 199 4
14 200 4
15 165 4
15 170 4
15 174 4
15 177 4
15 200 4
15 227 1
15 248 2
16 165 4
16 170 4
16 174 4
16 175 4
16 177 4
16 179 4
16 182 4
16 184 4
16 189 4
16 199 4
16 200 4
17 165 4
17 166 4
17 167 4
17 169 4
17 170 4
17 174 4
17 176 4
17 177 4
17 179 4
17 183 4
17 184 4
17 185 4
17 189 4
17 194 4
17 195 4
17 196 4
17 199 4
17 200 4
17 208 4
17 247 2
18 168 4
18 176 4
18 177 4
18 184 4
18 185 4
18 189 4
18 196 4
18 199 4
18 200 4
19 183 4
19 184 4
19 185 4
19 187 4
19 189 4
19 193 4
19 194 4
19 195 4
19 196 4
19 199 4
19 200 4
19 201 4
19 202 4
19 204 4
19 205 4
19 208 4
19 210 4
19 231 2
19 232 2
19 238 2
19 240 2
20 184 4
20 193 4
20 194 4
20 199 4
20 200 4
20 201 4
20 210 4
20 219 1
20 231 2
20 238 2
20 240 2
21 184 4
21 193 4
21 194 4
21 199 4
21 200 4
21 201 4
21 210 4
21 214 3
21 231 2
22 178 4
22 180 4
22 181 4
22 186 4
22 188 4
22 190 4
22 191 4
22 192 4
22 202 4
22 203 4
22 204 4
22 205 4
22 206 4
22 207 4
22 208 4
22 209 4
22 210 4
22 213 3
22 215 3
22 221 3
22 222 3
22 227 3
22 241 2
22 243 2
22 244 2
22 245 2
22 246 2
22 251 2
23 203 4
23 206 4
23 207 4
23 209 4
23 213 3
23 215 3
23 221 3
23 222 3
23 227 3
23 241 2
23 243 2
23 244 2
23 245 2
23 246 2
24 172 4
24 175 4
24 176 4
24 177 4
24 179 4
24 182 4
24 183 4
24 184 4
24 185 4
24 194 4
24 195 4
24 196 4
24 230 1
24 231 1
24 232 1
24 233 1
24 234 1
24 235 1
24 236 1
24 237 1
24 238 1
24 239 1
24 240 1
24 241 1
24 242 1
24 243 1
24 244 1
24 245 1
24 246 1
25 167 4
25 169 4
25 173 4
25 174 4
25 175 4
25 179 4
25 183 4
25 195 4
25 196 4
25 248 1
26 179 4
26 183 4
26 187 4
26 189 4
26 196 4
27 174 4
27 250 1
28 170 4
28 174 4
28 182 4
28 200 4
29 167 4
29 169 4
29 173 4
29 174 4
29 177 4
29 179 4
29 183 4
29 184 4
29 200 4
30 174 4
30 184 4
31 168 4
31 171 4
31 172 4
31 175 4
31 177 4
31 182 4
31 185 4
31 196 4
31 204 4
32 166 4
32 171 4
32 173 4
32 175 4
32 176 4
32 177 4
32 179 4
32 183 4
32 184 4
32 185 4
32 186 4
32 188 4
32 189 4
32 190 4
32 191 4
32 192 4
32 194 4
32 195 4
32 201 4
32 210 4
32 235 2
32 238 2
32 240 2
33 173 4
33 176 4
33 179 4
33 183 4
33 184 4
33 185 4
33 186 4
33 188 4
33 189 4
33 190 4
33 191 4
33 192 4
33 194 4
33 195 4
33 201 4
33 210 4
33 235 2
34 173 4
34 179 4
34 183 4
34 184 4
34 186 4
34 188 4
34 190 4
34 191 4
34 192 4
34 193 4
34 194 4
34 201 4
34 210 4
34 226 1
34 235 2
34 238 2
34 240 2
34 249 2
34 252 2
35 173 4
35 175 4
35 183 4
35 184 4
35 185 4
35 193 4
35 235 2
36 171 4
36 173 4
36 175 4
36 183 4
36 184 4
36 185 4
36 186 4
36 188 4
36 190 4
36 191 4
36 192 4
36 194 4
36 195 4
37 171 4
37 172 4
37 173 4
37 174 4
37 175 4
37 176 4
37 177 4
37 179 4
37 182 4
37 183 4
37 184 4
37 185 4
37 189 4
38 202 4
38 216 6
38 217 6
38 225 1
38 235 3
38 238 3
38 240 3
38 244 3
39 202 4
39 216 6
39 217 6
39 225 1
39 233 3
40 202 4
40 216 6
40 217 6
40 225 1
40 229 3
41 216 6
41 217 6
41 225 1
41 233 3
42 172 4
42 178 4
42 179 4
42 180 4
42 182 4
42 184 4
42 185 4
42 189 4
42 193 4
42 199 4
42 200 4
42 201 4
42 203 4
42 204 4
42 205 4
42 206 4
42 207 4
42 208 4
42 210 4
42 215 3
42 221 3
42 222 3
42 227 3
42 241 2
42 243 2
42 244 2
42 245 2
42 246 2
43 216 6
43 217 6
43 225 1
43 229 3
43 233 3
43 235 3
43 237 3
43 238 3
43 240 3
44 216 6
44 217 6
44 225 1
44 233 3
44 235 3
44 236 3
44 237 3
44 238 3
44 241 3
44 243 3
44 244 3
44 245 3
44 246 3
45 175 4
45 179 4
45 183 4
45 184 4
45 185 4
45 186 4
45 187 4
45 188 4
45 189 4
45 190 4
45 191 4
45 192 4
45 193 4
45 194 4
45 195 4
45 196 4
45 199 4
45 200 4
45 201 4
45 202 4
45 204 4
45 205 4
45 208 4
45 210 4
45 211 3
45 220 4
45 231 2
45 232 2
46 176 4
46 177 4
46 178 4
46 179 4
46 180 4
46 181 4
46 182 4
46 186 4
46 196 4
46 199 4
46 200 4
46 203 4
46 204 4
46 205 4
46 206 4
46 207 4
46 208 4
46 209 4
46 210 4
46 215 3
46 221 3
46 222 3
46 227 3
46 230 2
46 234 2
46 238 2
46 240 2
46 241 2
46 242 2
46 243 2
46 244 2
46 246 2
46 254 2
46 255 2
47 197 4
47 198 4
47 216 6
47 217 6
47 225 1
47 231 3
47 232 3
47 233 3
47 235 3
47 236 3
47 237 3
47 238 3
47 239 3
47 240 3
47 247 3
48 197 4
48 198 4
48 216 6
48 217 6
48 225 1
48 230 3
48 233 3
48 234 3
48 235 3
48 236 3
48 237 3
48 238 3
48 239 3
48 240 3
48 241 3
48 242 3
48 243 3
48 244 3
48 246 3
48 255 3
49 197 4
49 198 4
49 216 6
49 217 6
49 225 1
49 230 3
49 233 3
49 234 3
49 235 3
49 236 3
49 237 3
49 238 3
49 240 3
49 241 3
49 242 3
49 243 3
49 244 3
49 246 3
49 255 3
50 216 6
50 217 6
50 225 1
50 230 3
50 234 3
50 239 3
50 241 3
50 242 3
50 243 3
50 244 3
50 245 3
50 246 3
50 255 3
51 198 4
51 216 6
51 217 6
51 225 1
51 229 3
51 230 3
51 231 3
51 232 3
51 233 3
51 234 3
51 235 3
51 237 3
51 238 3
51 239 3
51 240 3
51 241 3
51 242 3
51 243 3
51 244 3
51 245 3
51 246 3
51 247 3
51 249 3
51 255 3
52 216 6
52 217 6
52 225 1
52 230 3
52 234 3
52 241 3
52 242 3
52 243 3
52 244 3
52 245 3
52 246 3
52 255 3
53 216 6
53 217 6
53 225 1
53 230 3
53 234 3
53 241 3
53 242 3
53 243 3
53 244 3
53 245 3
53 246 3
53 255 3
54 216 6
54 217 6
54 225 1
54 230 3
54 233 3
54 234 3
54 235 3
54 236 3
54 237 3
54 238 3
54 239 3
54 241 3
54 242 3
54 243 3
54 244 3
54 245 3
54 246 3
54 255 3
55 184 4
55 185 4
55 186 4
55 187 4
55 188 4
55 189 4
55 190 4
55 191 4
55 192 4
55 193 4
55 194 4
55 195 4
55 196 4
55 199 4
55 200 4
55 201 4
55 202 4
55 204 4
55 205 4
55 208 4
55 210 4
55 224 3
55 231 2
55 232 2
55 238 2
55 240 2
55 247 2
55 250 2
56 216 6
56 217 6
56 225 1
56 229 3
56 231 3
56 232 3
56 233 3
56 235 3
56 236 3
56 237 3
56 238 3
56 239 3
56 240 3
56 241 3
56 243 3
56 244 3
56 245 3
56 246 3
56 247 3
56 249 3
56 250 3
57 216 6
57 217 6
57 225 1
57 231 3
57 232 3
57 233 3
57 235 3
57 236 3
57 237 3
57 238 3
57 239 3
57 240 3
57 241 3
57 243 3
57 244 3
57 245 3
57 246 3
57 247 3
57 250 3
58 216 6
58 217 6
58 225 1
58 230 3
58 231 3
58 232 3
58 234 3
58 235 3
58 238 3
58 240 3
58 241 3
58 242 3
58 243 3
58 244 3
58 245 3
58 246 3
58 247 3
58 249 3
58 250 3
59 216 6
59 217 6
59 225 1
59 231 3
59 232 3
59 238 3
59 240 3
59 247 3
59 250 3
60 216 6
60 217 6
60 225 1
60 231 3
60 232 3
60 235 3
60 238 3
60 240 3
60 241 3
60 243 3
60 244 3
60 245 3
60 246 3
60 247 3
60 249 3
60 250 3
61 216 6
61 217 6
61 225 1
61 231 3
61 232 3
61 233 3
61 235 3
61 237 3
61 238 3
61 240 3
61 241 3
61 243 3
61 244 3
61 245 3
61 246 3
61 247 3
61 250 3
62 216 6
62 217 6
62 225 1
62 231 3
62 232 3
62 235 3
62 238 3
62 239 3
62 240 3
62 241 3
62 243 3
62 244 3
62 245 3
62 246 3
62 247 3
62 249 3
62 250 3
63 216 6
63 217 6
63 225 1
63 231 3
63 232 3
63 235 3
63 238 3
63 239 3
63 240 3
63 241 3
63 243 3
63 244 3
63 245 3
63 246 3
63 247 3
63 249 3
63 250 3
64 216 6
64 217 6
64 225 1
64 231 3
64 232 3
64 235 3
64 238 3
64 240 3
64 241 3
64 243 3
64 244 3
64 245 3
64 246 3
64 247 3
64 249 3
64 250 3
65 216 6
65 217 6
65 225 1
65 231 3
65 232 3
65 235 3
65 238 3
65 240 3
65 241 3
65 243 3
65 244 3
65 245 3
65 246 3
65 247 3
65 249 3
65 250 3
66 216 6
66 217 6
66 225 1
66 231 3
66 232 3
66 235 3
66 236 3
66 238 3
66 240 3
66 247 3
66 249 3
66 250 3
67 216 6
67 217 6
67 225 1
67 231 3
67 232 3
67 233 3
67 235 3
67 238 3
67 240 3
67 247 3
67 250 3
68 216 6
68 217 6
68 225 1
68 230 3
68 231 3
68 232 3
68 233 3
68 234 3
68 235 3
68 236 3
68 238 3
68 240 3
68 241 3
68 242 3
68 243 3
68 244 3
68 245 3
68 246 3
68 247 3
68 250 3
68 255 3
69 216 6
69 217 6
69 225 1
70 216 6
70 217 6
70 225 1
71 203 4
71 204 4
71 205 4
71 206 4
71 207 4
71 208 4
71 209 4
71 210 4
71 215 3
71 218 6
71 221 3
71 222 3
71 227 3
71 243 2
71 246 2
71 254 2
72 196 4
72 203 4
72 204 4
72 205 4
72 206 4
72 207 4
72 208 4
72 209 4
72 215 3
72 218 6
72 221 3
72 222 3
72 227 3
72 234 2
72 241 2
72 242 2
72 243 2
72 244 2
72 245 2
72 246 2
72 248 3
73 219 3
73 226 3
73 252 3
73 253 3
74 216 6
74 217 6
74 228 3
74 232 3
74 244 3
74 245 3
75 216 6
75 217 6
75 225 1
75 230 3
75 234 3
75 241 3
75 242 3
75 243 3
75 244 3
75 245 3
75 246 3
75 255 3
76 216 6
76 217 6
76 225 1
76 230 3
76 231 3
76 232 3
76 238 3
76 240 3
76 241 3
76 243 3
76 244 3
76 245 3
76 246 3
76 247 3
76 250 3
76 255 3
77 216 6
77 217 6
77 225 1
77 230 3
77 231 3
77 232 3
77 234 3
77 238 3
77 240 3
77 241 3
77 242 3
77 243 3
77 244 3
77 245 3
77 246 3
77 247 3
77 250 3
77 255 3
78 216 6
78 217 6
78 225 1
78 230 3
78 234 3
78 241 3
78 242 3
78 243 3
78 244 3
78 245 3
78 246 3
78 255 3
79 216 6
79 217 6
79 225 1
79 230 3
79 234 3
79 241 3
79 242 3
79 243 3
79 244 3
79 245 3
79 246 3
79 255 3
80 216 6
80 217 6
80 225 1
80 230 3
80 231 3
80 232 3
80 234 3
80 238 3
80 240 3
80 241 3
80 242 3
80 243 3
80 244 3
80 245 3
80 246 3
80 247 3
80 250 3
80 255 3
81 216 6
81 217 6
81 225 1
81 230 3
81 234 3
81 241 3
81 242 3
81 243 3
81 244 3
81 245 3
81 246 3
81 255 3
82 213 3
82 219 3
82 226 3
82 252 3
82 253 3
82 254 3
83 183 7
83 184 7
83 185 7
83 187 7
83 189 7
83 193 7
83 194 7
83 195 7
83 196 7
83 199 7
83 200 7
83 201 7
83 202 7
83 204 7
83 205 7
83 208 7
83 210 7
83 212 3
84 175 7
84 179 7
84 183 7
84 184 7
84 185 7
84 186 7
84 187 7
84 188 7
84 189 7
84 190 7
84 191 7
84 192 7
84 193 7
84 194 7
84 195 7
84 196 7
84 199 7
84 200 7
84 201 7
84 202 7
84 204 7
84 205 7
84 208 7
84 210 7
85 178 7
85 180 7
85 181 7
85 186 7
85 188 7
85 190 7
85 191 7
85 192 7
85 202 7
85 203 7
85 204 7
85 205 7
85 206 7
85 207 7
85 208 7
85 209 7
85 210 7
86 184 7
86 193 7
86 194 7
86 199 7
86 200 7
86 201 7
86 210 7
87 172 7
87 178 7
87 179 7
87 180 7
87 181 7
87 182 7
87 184 7
87 185 7
87 186 7
87 188 7
87 189 7
87 190 7
87 191 7
87 192 7
87 193 7
87 196 7
87 199 7
87 200 7
87 201 7
87 202 7
87 203 7
87 204 7
87 205 7
87 206 7
87 207 7
87 208 7
87 209 7
87 210 7
89 225 3
90 203 7
90 204 7
90 205 7
90 206 7
90 207 7
90 208 7
90 209 7
90 210 7
91 184 7
91 193 7
91 194 7
91 199 7
91 200 7
91 201 8
91 210 8
92 175 7
92 179 7
92 183 7
92 184 7
92 185 7
92 186 7
92 187 7
92 188 7
92 189 7
92 190 7
92 191 7
92 192 7
92 193 7
92 194 7
92 195 7
92 196 7
92 199 7
92 200 7
92 201 7
92 202 7
92 204 7
92 205 7
92 208 7
92 210 7
93 172 7
93 176 7
93 177 7
93 178 7
93 179 7
93 180 7
93 181 7
93 182 7
93 184 7
93 185 7
93 186 7
93 188 7
93 189 7
93 190 7
93 191 7
93 192 7
93 193 7
93 196 7
93 199 7
93 200 7
93 201 7
93 202 7
93 203 7
93 204 7
93 205 7
93 206 7
93 207 7
93 208 7
93 209 7
93 210 7
94 172 7
94 176 7
94 177 7
94 178 7
94 179 7
94 180 7
94 181 7
94 182 7
94 184 7
94 185 7
94 186 7
94 188 7
94 189 7
94 190 7
94 191 7
94 192 7
94 193 7
94 196 7
94 199 7
94 200 7
94 201 7
94 202 7
94 203 7
94 204 7
94 205 7
94 206 7
94 207 7
94 208 7
94 209 7
94 210 7
95 165 7
95 171 7
95 172 7
95 173 7
95 174 7
95 175 7
95 176 7
95 177 7
95 179 7
95 182 7
95 183 7
95 184 7
95 185 7
95 189 7
96 184 7
96 185 7
96 186 7
96 187 7
96 188 7
96 189 7
96 190 7
96 191 7
96 192 7
96 193 7
96 194 7
96 195 7
96 196 7
96 199 7
96 200 7
96 201 7
96 202 7
96 204 7
96 205 7
96 208 7
96 210 7
97 197 7
97 198 7
98 173 7
98 179 7
98 183 7
98 184 7
98 186 7
98 188 7
98 190 7
98 191 7
98 192 7
98 193 7
98 194 7
98 201 8
98 210 8
99 165 7
99 170 8
99 172 7
99 174 8
99 176 7
99 177 7
99 178 7
99 179 7
99 180 7
99 181 7
99 182 7
99 184 7
99 185 7
99 186 7
99 188 7
99 189 7
99 190 7
99 191 7
99 192 7
99 193 7
99 196 7
99 199 7
99 200 7
99 201 7
99 202 7
99 203 7
99 204 7
99 205 7
99 206 7
99 207 7
99 208 7
99 209 7
99 210 7
101 198 7
102 161 5
102 162 5
102 170 5
102 172 7
102 174 5
102 175 7
102 176 8
102 177 8
102 178 8
102 179 8
102 180 8
102 181 8
102 182 7
102 183 7
102 184 8
102 185 7
102 186 8
102 194 7
102 195 7
102 196 8
102 197 7
102 198 7
102 199 7
102 200 7
102 203 8
102 204 8
102 205 8
102 206 8
102 207 8
102 208 8
102 209 8
102 210 7
102 231 9
102 233 9
102 235 9
102 238 9
102 240 9
102 241 9
102 244 9
102 245 9
102 246 9
103 161 5
103 162 5
103 170 5
103 172 7
103 174 5
103 175 7
103 176 7
103 177 7
103 179 7
103 182 7
103 183 7
103 184 8
103 185 8
103 186 8
103 187 7
103 188 8
103 189 8
103 190 8
103 191 8
103 192 8
103 193 8
103 194 8
103 195 8
103 196 8
103 197 7
103 198 7
103 199 7
103 200 7
103 201 7
103 202 7
103 204 8
103 205 8
103 208 8
103 210 7
103 238 9
104 161 5
104 162 5
104 170 5
104 172 7
104 174 5
104 175 8
104 176 7
104 177 7
104 179 8
104 182 7
104 183 7
104 184 8
104 185 8
104 186 8
104 187 8
104 188 8
104 189 8
104 190 8
104 191 8
104 192 8
104 193 8
104 194 8
104 195 8
104 196 8
104 197 7
104 198 7
104 199 7
104 200 7
104 201 7
104 202 7
104 204 8
104 205 8
104 208 8
104 210 7
104 230 9
104 231 9
104 233 9
104 234 9
104 235 9
104 236 9
104 237 9
104 238 9
104 240 9
104 241 9
104 242 9
104 243 9
104 244 9
104 245 9
104 246 9
104 247 9
105 161 5
105 162 5
105 165 7
105 169 8
105 170 5
105 171 7
105 172 7
105 173 7
105 174 7
105 175 8
105 176 8
105 177 7
105 179 7
105 182 8
105 183 7
105 184 8
105 185 8
105 189 8
105 194 7
105 195 8
105 196 8
105 197 7
105 198 7
105 199 5
105 200 5
105 231 9
105 238 9
106 161 5
106 162 5
106 170 5
106 172 7
106 174 5
106 175 7
106 176 7
106 177 7
106 178 8
106 179 7
106 180 8
106 181 8
106 182 8
106 183 7
106 184 8
106 185 7
106 186 8
106 194 7
106 195 7
106 196 8
106 197 7
106 198 7
106 199 7
106 200 7
106 203 8
106 204 7
106 205 8
106 206 8
106 207 8
106 208 8
106 209 8
106 210 7
106 230 9
106 231 9
106 232 9
106 233 9
106 235 9
106 236 9
106 237 9
106 238 9
106 240 9
106 241 9
106 242 9
106 243 9
106 244 9
106 245 9
106 246 9
106 247 9
107 161 5
107 162 5
107 165 7
107 166 8
107 170 5
107 171 8
107 172 8
107 173 7
107 174 7
107 175 7
107 176 8
107 177 7
107 179 7
107 182 7
107 183 7
107 184 8
107 185 7
107 186 8
107 188 8
107 189 8
107 190 8
107 191 8
107 192 8
107 193 8
107 194 8
107 195 8
107 196 8
107 197 7
107 198 7
107 199 5
107 200 5
107 201 7
107 202 7
107 210 7
107 231 9
107 233 9
107 238 9
107 240 9
108 161 5
108 162 5
108 170 5
108 172 8
108 174 5
108 175 7
108 176 7
108 177 8
108 179 7
108 182 7
108 183 7
108 184 8
108 185 7
108 194 8
108 195 7
108 196 8
108 197 7
108 198 7
108 199 5
108 200 5
108 230 9
108 231 9
108 232 9
108 233 9
108 235 9
108 237 9
108 238 9
108 240 9
108 241 9
108 243 9
108 244 9
108 245 9
108 246 9
108 247 9
109 161 5
109 162 5
109 165 7
109 170 5
109 171 8
109 172 8
109 173 7
109 174 7
109 175 8
109 176 8
109 177 8
109 179 8
109 182 8
109 183 7
109 184 8
109 185 8
109 189 8
109 194 7
109 195 7
109 197 7
109 198 7
109 199 5
109 200 5
109 230 9
109 231 9
109 233 9
109 234 9
109 235 9
109 236 9
109 238 9
109 240 9
109 241 9
109 242 9
109 243 9
109 244 9
109 245 9
109 246 9
110 161 5
110 162 5
110 166 8
110 170 5
110 171 8
110 172 7
110 173 7
110 174 5
110 175 7
110 176 7
110 177 7
110 179 7
110 182 8
110 183 7
110 184 8
110 185 8
110 186 8
110 187 8
110 188 8
110 189 7
110 190 8
110 191 7
110 192 8
110 193 8
110 194 8
110 195 8
110 196 8
110 197 7
110 198 7
110 199 7
110 200 7
110 201 7
110 202 7
110 204 8
110 205 8
110 208 8
110 210 7
110 233 9
111 161 5
111 162 5
111 170 5
111 172 7
111 174 5
111 175 7
111 176 7
111 177 7
111 179 7
111 182 7
111 183 7
111 184 8
111 185 7
111 194 7
111 195 7
111 197 7
111 198 7
111 199 5
111 200 5
112 161 5
112 162 5
112 166 7
112 170 5
112 171 8
112 172 7
112 173 7
112 174 5
112 175 7
112 176 7
112 177 7
112 179 7
112 182 7
112 183 7
112 184 8
112 185 7
112 186 8
112 187 8
112 188 8
112 189 7
112 190 8
112 191 8
112 192 8
112 193 8
112 194 8
112 195 8
112 197 7
112 198 7
112 199 7
112 200 7
112 201 7
112 202 7
112 204 8
112 205 8
112 208 8
112 210 7
112 231 9
112 233 9
112 235 9
112 238 9
113 161 5
113 162 5
113 170 5
113 172 8
113 174 5
113 175 7
113 176 8
113 177 8
113 178 7
113 179 8
113 180 8
113 181 8
113 182 8
113 183 7
113 184 8
113 185 8
113 186 8
113 188 8
113 189 8
113 190 7
113 191 7
113 192 8
113 193 8
113 194 7
113 195 7
113 196 8
113 197 7
113 198 7
113 199 7
113 200 7
113 201 7
113 202 7
113 203 8
113 204 8
113 205 8
113 206 8
113 207 8
113 208 8
113 209 8
113 210 7
113 230 9
113 231 9
113 233 9
113 235 9
113 238 9
113 240 9
113 244 9
113 245 9
113 246 9
114 161 5
114 162 5
114 170 5
114 172 7
114 174 5
114 175 7
114 176 7
114 177 7
114 178 8
114 179 7
114 180 8
114 181 8
114 182 8
114 183 7
114 184 8
114 185 7
114 186 8
114 194 7
114 195 7
114 196 8
114 197 7
114 198 7
114 199 7
114 200 7
114 203 8
114 204 7
114 205 8
114 206 8
114 207 8
114 208 8
114 209 8
114 210 7
114 230 9
114 231 9
114 232 9
114 233 9
114 234 9
114 235 9
114 236 9
114 237 9
114 238 9
114 240 9
114 241 9
114 243 9
114 244 9
114 245 9
114 246 9
114 247 9
115 161 5
115 162 5
115 170 5
115 172 8
115 174 5
115 175 7
115 176 8
115 177 8
115 178 8
115 179 8
115 180 8
115 181 8
115 182 8
115 183 7
115 184 8
115 185 8
115 186 8
115 188 8
115 189 8
115 190 8
115 191 8
115 192 8
115 193 8
115 194 7
115 195 7
115 196 8
115 197 7
115 198 7
115 199 7
115 200 7
115 201 7
115 202 7
115 203 8
115 204 8
115 205 8
115 206 8
115 207 8
115 208 8
115 209 8
115 210 7
115 230 9
115 231 9
115 233 9
115 234 9
115 235 9
115 236 9
115 237 9
115 238 9
115 240 9
115 241 9
115 242 9
115 244 9
115 245 9
115 246 9
116 161 5
116 162 5
116 170 5
116 172 7
116 174 5
116 175 7
116 176 8
116 177 8
116 178 8
116 179 8
116 180 8
116 181 8
116 182 8
116 183 7
116 184 8
116 185 8
116 186 8
116 188 8
116 189 7
116 190 8
116 191 8
116 192 8
116 193 8
116 194 7
116 195 7
116 196 8
116 197 7
116 198 7
116 199 7
116 200 7
116 201 7
116 202 7
116 203 8
116 204 8
116 205 8
116 206 8
116 207 8
116 208 8
116 209 8
116 210 7
116 230 9
116 231 9
116 233 9
116 235 9
116 238 9
116 240 9
116 241 9
116 245 9
116 246 9
117 161 5
117 162 5
117 170 5
117 172 8
117 174 5
117 175 7
117 176 7
117 177 7
117 178 8
117 179 8
117 180 8
117 181 8
117 182 8
117 183 7
117 184 8
117 185 8
117 186 8
117 188 8
117 189 8
117 190 8
117 191 8
117 192 8
117 193 8
117 194 7
117 195 7
117 196 8
117 198 7
117 199 7
117 200 7
117 201 7
117 202 8
117 203 8
117 204 8
117 205 8
117 206 8
117 207 8
117 208 8
117 209 8
117 210 7
117 230 9
117 231 9
117 232 9
117 233 9
117 234 9
117 235 9
117 236 9
117 237 9
117 238 9
117 240 9
117 241 9
117 242 9
117 243 9
117 244 9
117 246 9
117 247 9
118 161 5
118 162 5
118 170 5
118 172 8
118 174 5
118 175 7
118 176 8
118 177 8
118 178 8
118 179 8
118 180 8
118 181 8
118 182 8
118 183 7
118 184 8
118 185 8
118 186 8
118 188 8
118 189 8
118 190 8
118 191 8
118 192 8
118 193 8
118 194 7
118 195 7
118 196 8
118 197 7
118 198 7
118 199 7
118 200 7
118 201 7
118 202 7
118 203 8
118 204 8
118 205 8
118 206 8
118 207 8
118 208 8
118 209 8
118 210 7
118 230 9
118 231 9
118 233 9
118 235 9
118 238 9
118 240 9
118 241 9
118 244 9
118 245 9
119 161 5
119 162 5
119 165 7
119 166 8
119 167 8
119 169 8
119 170 5
119 174 5
119 176 8
119 177 8
119 179 8
119 183 7
119 184 8
119 185 8
119 186 8
119 187 8
119 188 8
119 189 8
119 190 8
119 191 8
119 192 8
119 193 8
119 194 8
119 195 8
119 196 8
119 199 7
119 200 7
119 201 7
119 202 7
119 204 8
119 205 8
119 208 8
119 210 7
119 230 9
119 231 9
119 232 9
119 233 9
119 234 9
119 235 9
119 236 9
119 237 9
119 238 9
119 240 9
119 241 9
119 242 9
119 243 9
119 244 9
119 245 9
119 246 9
120 161 5
120 162 5
120 165 7
120 167 7
120 169 7
120 170 7
120 173 7
120 174 7
120 175 7
120 177 7
120 179 7
120 183 7
120 195 7
120 196 7
120 199 5
120 200 8
120 203 7
120 204 7
120 205 7
120 206 7
120 207 7
120 208 7
120 209 7
121 173 7
121 179 8
121 183 7
121 184 7
121 186 8
121 188 8
121 190 8
121 191 8
121 192 8
121 193 8
121 194 8
121 198 7
121 201 7
121 210 7
122 184 8
122 185 8
122 186 8
122 187 8
122 188 8
122 189 8
122 190 8
122 191 8
122 192 8
122 193 8
122 194 8
122 195 8
122 196 8
122 199 7
122 200 7
122 201 7
122 202 7
122 204 8
122 205 8
122 208 8
122 210 7
123 178 7
123 180 7
123 181 7
123 186 7
123 188 7
123 190 7
123 191 7
123 192 7
123 202 7
123 203 7
123 204 7
123 205 7
123 206 7
123 207 7
123 208 7
123 209 7
123 210 7
124 173 7
124 179 7
124 183 7
124 184 7
124 186 7
124 188 7
124 190 7
124 191 7
124 192 7
124 193 7
124 194 7
124 201 8
124 210 8
126 176 7
126 177 7
126 178 7
126 179 7
126 180 7
126 181 7
126 182 7
126 196 7
126 199 7
126 200 7
126 203 7
126 204 7
126 205 7
126 206 7
126 207 7
126 208 7
126 209 7
126 210 8
127 176 8
127 177 8
127 178 8
127 179 8
127 180 8
127 181 8
127 182 8
127 196 8
127 197 8
127 198 8
127 199 7
127 200 7
127 203 8
127 204 8
127 205 8
127 206 8
127 207 8
127 208 8
127 209 8
127 210 7
