0 63 1
0 64 1
0 66 1
0 67 1
0 68 1
0 69 1
0 70 1
0 72 1
0 73 1
0 74 1
0 77 1
0 78 1
0 79 1
0 80 1
0 81 1
0 82 1
0 83 1
0 84 1
0 85 1
0 86 1
0 88 1
0 89 1
0 90 1
0 91 1
0 93 1
0 94 1
0 96 1
1 63 1
1 64 1
1 65 1
1 66 1
1 69 1
1 70 1
1 71 1
1 73 1
1 74 1
1 77 1
1 78 1
1 80 1
1 82 1
1 83 1
1 84 1
1 86 1
1 89 1
1 91 1
1 92 1
1 93 1
1 94 1
1 95 1
1 96 1
2 96 1
2 97 1
3 69 1
3 77 1
3 83 1
3 93 1
4 83 1
5 69 1
5 70 1
5 71 1
5 74 1
5 79 1
5 80 1
5 81 1
5 83 1
5 85 1
5 91 1
5 93 1
5 94 1
5 95 1
6 79 1
6 93 1
7 70 1
7 72 1
7 80 1
7 93 1
7 94 1
8 77 1
9 65 1
9 70 1
9 74 1
9 80 1
9 95 1
10 70 1
10 93 1
10 95 1
12 80 1
13 66 1
17 97 1
20 63 1
20 76 1
20 92 1
21 92 1
21 97 1
25 76 1
26 97 1
28 97 1
29 63 1
29 87 1
29 92 1
29 97 1
32 63 1
32 92 1
32 96 1
32 97 1
33 97 1
34 87 1
34 97 1
37 97 1
42 97 1
