0 291 1
0 327 1
0 349 1
0 352 1
0 353 1
1 349 1
1 352 1
1 353 1
2 364 1
2 365 1
3 324 1
3 335 1
3 352 1
3 365 1
4 349 1
4 364 1
5 275 1
6 316 1
7 303 1
7 311 1
8 335 1
9 311 1
10 349 1
10 353 1
11 291 1
11 307 1
11 316 1
11 328 1
11 330 1
11 349 1
11 351 1
11 352 1
11 354 1
12 319 1
12 349 1
13 303 1
14 285 1
15 363 1
16 315 1
16 347 1
17 285 1
18 353 1
19 354 1
20 307 1
20 311 1
20 312 1
20 316 1
20 327 1
20 329 1
20 330 1
20 335 1
20 339 1
20 349 1
20 352 1
20 353 1
20 354 1
20 358 1
21 337 1
22 353 1
23 293 1
24 353 1
25 335 1
25 349 1
25 351 1
25 353 1
26 281 1
26 290 1
26 299 1
26 323 1
26 335 1
26 337 1
26 338 1
26 339 1
26 340 1
26 352 1
26 354 1
27 358 1
27 368 1
28 289 1
28 293 1
28 328 1
29 291 1
29 311 1
29 337 1
29 353 1
30 296 1
31 311 1
31 312 1
31 319 1
31 327 1
31 354 1
32 349 1
32 351 1
32 352 1
33 303 1
34 358 1
35 285 1
35 311 1
35 335 1
35 346 1
35 349 1
35 351 1
35 352 1
35 353 1
35 354 1
35 364 1
36 337 1
36 352 1
37 282 1
37 283 1
37 284 1
37 293 1
37 307 1
37 312 1
37 316 1
37 319 1
37 322 1
37 325 1
37 330 1
37 340 1
37 341 1
37 342 1
37 352 1
37 353 1
37 354 1
37 363 1
37 364 1
37 365 1
37 367 1
37 368 1
38 311 1
39 293 1
39 303 1
39 328 1
39 339 1
40 311 1
40 314 1
40 355 1
40 358 1
41 353 1
42 309 1
43 290 1
43 293 1
43 328 1
43 335 1
44 322 1
45 283 1
46 340 1
46 353 1
46 366 1
47 276 1
47 291 1
47 293 1
47 298 1
47 310 1
47 311 1
47 317 1
47 328 1
47 335 1
47 337 1
47 341 1
47 342 1
47 352 1
47 353 1
47 355 1
48 352 1
49 276 1
49 291 1
49 293 1
49 298 1
49 299 1
49 302 1
49 303 1
49 311 1
49 312 1
49 316 1
49 319 1
49 325 1
49 327 1
49 328 1
49 335 1
49 336 1
49 337 1
49 339 1
49 353 1
49 354 1
49 364 1
50 293 1
50 298 1
50 328 1
50 335 1
50 337 1
51 290 1
52 276 1
52 277 1
52 282 1
52 285 1
52 286 1
52 287 1
52 289 1
52 291 1
52 293 1
52 294 1
52 295 1
52 298 1
52 299 1
52 301 1
52 303 1
52 306 1
52 307 1
52 311 1
52 316 1
52 319 1
52 321 1
52 327 1
52 330 1
52 334 1
52 335 1
52 336 1
52 337 1
52 339 1
52 341 1
52 342 1
52 352 1
52 353 1
52 354 1
52 355 1
52 358 1
52 359 1
52 363 1
53 285 1
53 328 1
53 340 1
53 341 1
53 342 1
53 353 1
54 276 1
54 286 1
54 287 1
54 293 1
54 297 1
54 298 1
54 299 1
54 307 1
54 327 1
54 328 1
54 349 1
54 352 1
54 353 1
54 354 1
54 355 1
54 363 1
55 290 1
55 327 1
56 327 1
56 335 1
56 337 1
57 279 1
57 280 1
57 285 1
57 289 1
57 291 1
57 292 1
57 293 1
57 303 1
57 304 1
57 307 1
57 311 1
57 312 1
57 314 1
57 316 1
57 319 1
57 328 1
57 333 1
57 335 1
57 337 1
57 341 1
57 342 1
57 352 1
57 353 1
57 354 1
57 355 1
57 358 1
57 363 1
57 364 1
57 366 1
57 369 1
58 276 1
58 285 1
58 289 1
58 290 1
58 291 1
58 293 1
58 294 1
58 298 1
58 307 1
58 310 1
58 311 1
58 316 1
58 319 1
58 325 1
58 327 1
58 329 1
58 335 1
58 336 1
58 337 1
58 339 1
58 340 1
58 346 1
58 347 1
58 352 1
58 353 1
58 354 1
58 366 1
59 292 1
59 333 1
59 335 1
59 346 1
59 347 1
59 348 1
59 353 1
59 369 1
60 285 1
60 298 1
60 317 1
60 328 1
60 335 1
60 336 1
60 337 1
60 352 1
60 353 1
60 354 1
60 357 1
60 364 1
61 291 1
61 293 1
61 298 1
61 310 1
61 330 1
62 276 1
62 277 1
62 280 1
62 287 1
62 290 1
62 291 1
62 292 1
62 293 1
62 304 1
62 305 1
62 311 1
62 312 1
62 315 1
62 316 1
62 319 1
62 322 1
62 325 1
62 327 1
62 328 1
62 330 1
62 334 1
62 335 1
62 336 1
62 339 1
62 342 1
62 348 1
62 349 1
62 352 1
62 353 1
62 354 1
62 359 1
62 363 1
63 328 1
64 276 1
64 287 1
64 293 1
64 311 1
64 335 1
64 337 1
64 341 1
64 342 1
64 352 1
64 353 1
64 363 1
64 364 1
65 303 1
66 303 1
67 349 1
67 353 1
68 297 1
68 349 1
69 364 1
70 349 1
71 337 1
72 332 1
72 335 1
73 327 1
73 337 1
73 364 1
74 311 1
75 275 1
75 303 1
75 331 1
76 316 1
76 352 1
77 300 1
77 318 1
77 348 1
78 353 1
79 349 1
80 289 1
80 291 1
80 343 1
81 328 1
82 349 1
83 345 1
84 348 1
85 327 1
86 280 1
86 291 1
86 293 1
86 307 1
86 311 1
86 316 1
86 326 1
86 328 1
86 335 1
86 336 1
86 337 1
86 339 1
86 342 1
86 352 1
86 354 1
87 348 1
88 352 1
88 363 1
89 291 1
90 292 1
91 311 1
91 337 1
91 342 1
91 349 1
92 293 1
92 311 1
93 290 1
93 311 1
93 316 1
93 326 1
93 327 1
93 328 1
93 349 1
93 353 1
93 354 1
93 363 1
94 297 1
94 303 1
94 349 1
95 291 1
96 311 1
97 327 1
98 293 1
98 328 1
99 287 1
100 287 1
100 293 1
101 293 1
101 327 1
101 330 1
102 293 1
102 298 1
103 293 1
104 293 1
104 294 1
104 315 1
105 284 1
106 312 1
107 315 1
108 295 1
109 291 1
109 345 1
109 363 1
110 311 1
111 291 1
111 370 1
112 349 1
112 354 1
113 349 1
114 297 1
114 311 1
114 348 1
114 349 1
115 353 1
116 330 1
116 352 1
116 353 1
117 293 1
117 328 1
118 349 1
119 291 1
120 349 1
120 353 1
120 355 1
121 319 1
122 353 1
123 358 1
124 361 1
125 311 1
126 348 1
127 311 1
128 275 1
128 345 1
128 348 1
128 354 1
128 363 1
129 335 1
130 291 1
131 283 1
131 292 1
131 311 1
131 313 1
131 327 1
131 328 1
131 330 1
131 335 1
131 337 1
131 349 1
132 278 1
132 285 1
132 292 1
132 293 1
132 327 1
132 330 1
132 337 1
132 349 1
132 352 1
132 368 1
133 367 1
134 311 1
134 315 1
134 316 1
135 284 1
135 292 1
135 293 1
135 311 1
135 328 1
135 349 1
135 353 1
135 354 1
136 307 1
137 275 1
138 328 1
138 352 1
139 311 1
139 316 1
139 348 1
139 352 1
139 353 1
140 292 1
140 293 1
140 307 1
140 311 1
140 312 1
140 313 1
140 327 1
140 328 1
140 330 1
140 335 1
140 337 1
140 338 1
140 339 1
140 349 1
140 352 1
140 353 1
140 354 1
141 307 1
141 317 1
141 330 1
141 344 1
141 348 1
141 349 1
141 353 1
141 354 1
141 359 1
141 363 1
141 367 1
142 306 1
142 335 1
142 337 1
143 353 1
144 332 1
145 288 1
145 301 1
145 311 1
145 319 1
145 324 1
146 356 1
147 311 1
147 314 1
147 355 1
148 364 1
149 308 1
150 317 1
151 311 1
152 352 1
153 293 1
154 328 1
154 335 1
155 293 1
156 348 1
157 291 1
157 293 1
157 303 1
157 311 1
157 342 1
158 293 1
158 311 1
158 312 1
158 352 1
159 293 1
159 352 1
160 293 1
161 355 1
162 285 1
162 289 1
162 291 1
162 293 1
162 328 1
162 330 1
162 335 1
162 336 1
162 352 1
162 353 1
162 354 1
162 366 1
163 293 1
163 335 1
163 337 1
163 352 1
163 353 1
164 329 1
164 342 1
165 291 1
165 311 1
166 353 1
167 349 1
168 278 1
168 285 1
168 291 1
168 293 1
168 307 1
168 311 1
168 327 1
168 335 1
168 336 1
168 337 1
168 338 1
168 352 1
168 353 1
169 293 1
170 363 1
171 353 1
172 348 1
173 351 1
173 353 1
174 289 1
174 364 1
175 335 1
176 288 1
177 318 1
178 326 1
179 318 1
180 326 1
181 302 1
181 311 1
181 330 1
181 335 1
181 337 1
181 339 1
181 352 1
182 327 1
182 335 1
183 290 1
183 311 1
183 326 1
183 327 1
183 330 1
183 335 1
183 337 1
183 338 1
183 352 1
184 306 1
184 312 1
184 352 1
184 353 1
185 326 1
185 337 1
185 362 1
186 355 1
187 326 1
187 335 1
187 336 1
187 337 1
187 338 1
187 352 1
188 326 1
188 327 1
189 326 1
189 327 1
189 336 1
189 337 1
189 339 1
190 311 1
190 327 1
190 335 1
190 337 1
190 338 1
191 311 1
191 352 1
191 353 1
191 354 1
191 365 1
192 326 1
193 326 1
194 311 1
194 328 1
194 366 1
195 293 1
196 335 1
197 360 1
198 291 1
198 303 1
199 303 1
199 311 1
199 317 1
199 352 1
199 353 1
200 275 1
200 303 1
201 335 1
202 277 1
202 301 1
202 311 1
202 318 1
202 339 1
202 348 1
203 287 1
203 303 1
203 335 1
203 353 1
203 368 1
204 303 1
205 353 1
205 358 1
206 316 1
207 337 1
207 368 1
208 358 1
209 291 1
210 352 1
211 353 1
212 335 1
212 364 1
213 293 1
213 311 1
213 337 1
213 338 1
213 339 1
213 352 1
213 353 1
214 352 1
215 353 1
216 311 1
217 278 1
217 293 1
217 297 1
217 303 1
217 311 1
217 312 1
217 328 1
217 335 1
217 336 1
217 337 1
217 339 1
217 352 1
217 353 1
218 308 1
218 335 1
218 354 1
219 332 1
220 363 1
221 311 1
222 278 1
222 311 1
222 312 1
222 316 1
222 330 1
222 335 1
222 337 1
222 340 1
222 352 1
222 353 1
222 354 1
223 311 1
223 335 1
223 352 1
223 353 1
224 293 1
225 298 1
225 328 1
225 363 1
226 291 1
227 280 1
227 291 1
227 293 1
227 297 1
227 310 1
227 311 1
228 283 1
229 287 1
229 311 1
229 327 1
229 328 1
229 330 1
229 335 1
229 336 1
229 337 1
229 349 1
229 353 1
229 354 1
230 311 1
231 349 1
232 291 1
232 322 1
233 291 1
233 303 1
233 358 1
234 327 1
235 292 1
235 318 1
235 327 1
235 328 1
235 337 1
235 339 1
236 293 1
237 352 1
238 349 1
239 293 1
239 320 1
239 346 1
239 347 1
239 350 1
239 351 1
239 370 1
240 349 1
241 311 1
242 341 1
243 275 1
244 311 1
245 283 1
245 293 1
245 307 1
245 311 1
245 337 1
245 352 1
245 353 1
245 354 1
245 368 1
246 349 1
247 353 1
248 310 1
248 311 1
248 337 1
248 339 1
248 352 1
249 349 1
250 337 1
250 352 1
250 353 1
251 311 1
252 353 1
253 315 1
254 335 1
255 283 1
256 303 1
256 335 1
257 307 1
257 344 1
258 293 1
258 298 1
258 303 1
258 311 1
258 312 1
258 327 1
258 328 1
258 335 1
259 349 1
260 290 1
261 335 1
261 337 1
262 287 1
263 283 1
264 275 1
265 353 1
266 353 1
267 293 1
267 319 1
267 327 1
267 328 1
267 330 1
267 335 1
267 340 1
268 303 1
268 322 1
269 292 1
269 353 1
269 354 1
270 364 1
271 315 1
271 335 1
272 316 1
272 352 1
272 353 1
273 352 1
274 349 1
