0 11 20
0 14 1
0 17 1
0 21 7
0 25 1
0 32 20
0 39 1
0 42 32
0 43 2
0 45 25
0 46 35
1 11 65
1 12 1
1 14 48
1 18 1
1 21 72
1 31 14
1 39 76
1 42 99
1 43 1
1 45 1
1 46 5
1 48 30
1 49 26
2 12 5
2 23 100
2 30 5
2 36 8
2 42 100
2 43 5
2 45 5
2 46 2
3 17 10
3 23 2
3 25 5
3 30 3
3 38 16
3 39 4
3 42 99
3 43 6
3 45 17
3 46 38
4 26 1
4 27 3
4 29 90
4 33 1
4 35 3
4 41 1
4 42 83
5 19 50
5 40 58
5 42 83
5 47 11
6 15 13
6 19 5
6 20 5
6 40 8
6 41 13
6 42 8
6 43 100
6 47 11
7 21 6
7 22 79
7 30 6
7 37 5
7 42 100
7 44 3
8 10 59
8 12 74
8 13 11
8 14 45
8 16 4
8 26 31
8 30 11
8 32 11
8 42 19
8 45 13
9 24 75
9 34 50
9 42 66
