0 11 2
0 14 -2147483648
0 17 1
0 21 3
0 25 1
0 28 1
0 32 13
0 38 6
0 39 2
0 42 8
0 43 2
0 45 12
0 46 13
0 48 1
1 11 4
1 12 1
1 14 -2147483648
1 17 1
1 18 2
1 21 28
1 25 1
1 31 12
1 39 12
1 42 170
1 43 2
1 45 21
1 46 14
1 48 1
1 49 1
2 12 1
2 23 33
2 30 1
2 36 1
2 42 421
2 43 1
2 45 126
2 46 1
3 11 1
3 17 2
3 21 1
3 23 3
3 25 1
3 26 12
3 30 1
3 38 23
3 39 2
3 41 3
3 42 190
3 43 1
3 45 6
3 46 28
4 26 2
4 27 1
4 29 35
4 33 21
4 35 1
4 41 4
4 42 30
5 19 7
5 40 10
5 42 30
5 47 11
6 15 2
6 19 2
6 20 2
6 40 1
6 41 2
6 42 4
6 43 37
6 47 2
7 21 3
7 22 12
7 30 4
7 37 5
7 42 174
7 44 6
8 10 -2147483648
8 12 6
8 13 2
8 14 -2147483648
8 16 2
8 26 1
8 30 1
8 32 1
8 36 1
8 42 1
8 43 1
8 45 2
9 24 9
9 34 9
9 42 3
