0 109 1
0 110 1
0 111 1
0 112 1
0 113 1
0 114 1
0 115 1
0 116 1
0 117 1
0 118 1
0 119 1
0 120 1
0 121 1
0 122 1
0 123 1
0 124 1
0 125 1
0 126 1
0 127 1
0 128 1
0 129 1
0 130 1
0 131 1
0 132 1
0 134 1
0 135 1
0 136 1
0 137 1
0 138 1
0 139 1
0 140 1
0 141 1
1 109 1
1 112 1
1 113 1
1 115 1
1 117 1
1 118 1
1 119 1
1 121 1
1 122 1
1 123 1
1 124 1
1 125 1
1 126 1
1 127 1
1 129 1
1 131 1
1 134 1
1 135 1
1 136 1
1 138 1
1 140 1
1 141 1
2 136 1
2 141 1
3 109 1
3 122 1
3 123 1
4 109 1
4 121 1
4 122 1
5 121 1
5 122 1
6 113 1
6 121 1
6 122 1
6 125 1
6 134 1
7 118 1
8 109 1
8 111 1
8 134 1
9 113 1
9 118 1
9 119 1
10 111 1
10 115 1
10 122 1
10 125 1
11 111 1
11 125 1
12 121 1
13 115 1
14 122 1
15 121 1
16 112 1
16 113 1
16 121 1
16 122 1
16 135 1
17 113 1
17 121 1
17 122 1
17 127 1
17 130 1
17 134 1
18 115 1
18 122 1
18 132 1
19 121 1
19 122 1
20 109 1
21 121 1
22 113 1
23 113 1
24 109 1
24 115 1
25 109 1
25 125 1
26 112 1
27 119 1
28 121 1
28 122 1
28 134 1
29 130 1
30 113 1
30 115 1
30 121 1
30 122 1
31 113 1
32 121 1
33 122 1
34 130 1
35 126 1
36 126 1
36 132 1
37 121 1
38 110 1
38 116 1
38 118 1
38 119 1
38 120 1
38 124 1
38 128 1
38 133 1
38 140 1
38 141 1
54 110 1
54 141 1
55 110 1
55 120 1
56 110 1
56 135 1
61 110 1
66 124 1
68 140 1
68 141 1
