0 86 1
0 87 1
0 88 1
0 91 1
0 92 1
0 93 1
0 94 1
0 95 1
0 96 1
0 97 1
0 98 1
0 99 1
0 100 1
0 101 1
0 103 1
0 104 1
0 105 1
0 106 1
0 107 1
0 108 1
0 109 1
0 110 1
0 111 1
0 112 1
0 114 1
0 115 1
1 90 1
1 95 1
1 97 1
1 103 1
2 86 1
2 88 1
2 92 1
2 93 1
2 94 1
2 95 1
2 97 1
2 98 1
2 99 1
2 100 1
2 101 1
2 102 1
2 106 1
2 107 1
2 108 1
2 109 1
2 112 1
2 114 1
3 92 1
3 93 1
3 98 1
3 106 1
3 107 1
3 113 1
4 113 1
5 93 1
6 114 1
7 93 1
7 95 1
7 98 1
7 99 1
7 106 1
7 112 1
8 114 1
9 93 1
10 87 1
11 92 1
11 93 1
11 98 1
11 107 1
11 110 1
12 86 1
12 100 1
12 101 1
13 93 1
14 93 1
14 106 1
14 113 1
15 113 1
16 98 1
16 106 1
17 92 1
17 107 1
18 113 1
19 87 1
19 93 1
19 98 1
19 113 1
20 86 1
20 100 1
20 101 1
21 102 1
22 93 1
23 87 1
23 106 1
23 113 1
24 98 1
25 97 1
25 98 1
25 102 1
25 106 1
26 98 1
27 95 1
28 88 1
28 89 1
28 97 1
28 108 1
28 111 1
37 115 1
39 88 1
39 95 1
39 103 1
39 115 1
41 115 1
42 88 1
42 90 1
42 96 1
42 97 1
42 103 1
42 108 1
42 111 1
43 115 1
50 115 1
51 115 1
52 97 1
54 97 1
