0 158 1
0 160 1
0 161 1
0 162 1
0 163 1
0 165 1
0 166 1
0 167 1
0 168 1
0 169 1
0 170 1
0 171 1
0 172 1
0 173 1
0 174 1
0 176 1
0 177 1
0 179 1
0 180 1
0 181 1
0 182 1
0 183 1
0 184 1
0 185 1
0 190 1
0 191 1
0 192 1
0 193 1
0 194 1
0 195 1
0 197 1
0 199 1
0 201 1
0 202 1
0 203 1
0 205 1
0 207 1
0 208 1
1 158 1
1 160 1
1 162 1
1 163 1
1 170 1
1 177 1
1 179 1
1 180 1
1 181 1
1 182 1
1 183 1
1 184 1
1 190 1
1 192 1
1 193 1
1 194 1
1 195 1
1 197 1
1 201 1
1 202 1
1 203 1
1 205 1
1 207 1
1 208 1
2 158 1
2 162 1
2 163 1
2 171 1
2 177 1
2 179 1
2 180 1
2 183 1
2 184 1
2 185 1
2 190 1
2 191 1
2 192 1
2 193 1
2 194 1
2 195 1
2 199 1
2 201 1
2 202 1
2 205 1
2 207 1
2 208 1
3 158 1
3 163 1
3 166 1
3 167 1
3 168 1
3 169 1
3 170 1
3 172 1
3 173 1
3 174 1
3 176 1
3 177 1
3 179 1
3 181 1
3 182 1
3 183 1
3 184 1
3 185 1
3 190 1
3 191 1
3 192 1
3 193 1
3 194 1
3 201 1
3 202 1
3 205 1
3 207 1
3 208 1
4 168 1
4 169 1
4 174 1
4 176 1
4 179 1
4 183 1
4 194 1
4 201 1
4 202 1
4 208 1
5 163 1
5 179 1
5 185 1
5 194 1
5 199 1
5 201 1
5 202 1
6 184 1
6 201 1
6 202 1
6 207 1
7 163 1
7 166 1
7 167 1
7 177 1
7 179 1
7 194 1
7 201 1
7 202 1
7 207 1
8 163 1
9 158 1
9 161 1
9 162 1
9 163 1
9 166 1
9 167 1
9 168 1
9 169 1
9 170 1
9 174 1
9 176 1
9 177 1
9 179 1
9 180 1
9 181 1
9 182 1
9 183 1
9 184 1
9 185 1
9 190 1
9 191 1
9 192 1
9 193 1
9 194 1
9 195 1
9 197 1
9 199 1
9 201 1
9 202 1
9 203 1
9 205 1
9 207 1
9 208 1
10 158 1
10 161 1
10 162 1
10 163 1
10 177 1
10 179 1
10 180 1
10 181 1
10 182 1
10 183 1
10 184 1
10 190 1
10 191 1
10 192 1
10 193 1
10 194 1
10 195 1
10 197 1
10 199 1
10 201 1
10 202 1
10 203 1
10 205 1
10 207 1
10 208 1
11 158 1
11 184 1
11 190 1
11 192 1
11 193 1
11 205 1
11 208 1
12 158 1
12 165 1
12 205 1
13 161 1
13 163 1
13 179 1
13 181 1
13 182 1
13 184 1
13 190 1
13 194 1
13 199 1
13 201 1
13 202 1
13 207 1
13 208 1
14 158 1
14 161 1
14 163 1
14 166 1
14 167 1
14 168 1
14 169 1
14 171 1
14 172 1
14 173 1
14 174 1
14 176 1
14 179 1
14 180 1
14 181 1
14 182 1
14 183 1
14 184 1
14 185 1
14 190 1
14 191 1
14 192 1
14 193 1
14 194 1
14 195 1
14 199 1
14 201 1
14 202 1
14 205 1
14 207 1
14 208 1
15 158 1
15 162 1
15 165 1
15 166 1
15 167 1
15 168 1
15 169 1
15 170 1
15 172 1
15 173 1
15 174 1
15 176 1
15 179 1
15 181 1
15 182 1
15 183 1
15 184 1
15 185 1
15 190 1
15 191 1
15 192 1
15 193 1
15 194 1
15 201 1
15 202 1
15 205 1
15 208 1
16 158 1
16 161 1
16 163 1
16 168 1
16 174 1
16 177 1
16 179 1
16 180 1
16 181 1
16 182 1
16 184 1
16 185 1
16 190 1
16 192 1
16 193 1
16 194 1
16 195 1
16 197 1
16 199 1
16 203 1
16 205 1
16 207 1
16 208 1
17 158 1
17 161 1
17 180 1
17 181 1
17 182 1
17 184 1
17 192 1
17 199 1
17 201 1
17 202 1
17 205 1
17 208 1
18 158 1
18 163 1
18 166 1
18 167 1
18 177 1
18 179 1
18 181 1
18 182 1
18 184 1
18 185 1
18 192 1
18 193 1
18 194 1
18 195 1
18 197 1
18 203 1
18 205 1
18 207 1
18 208 1
19 158 1
19 163 1
19 168 1
19 169 1
19 171 1
19 174 1
19 176 1
19 179 1
19 180 1
19 181 1
19 182 1
19 183 1
19 184 1
19 185 1
19 190 1
19 191 1
19 192 1
19 194 1
19 195 1
19 197 1
19 199 1
19 201 1
19 202 1
19 203 1
19 205 1
19 208 1
20 158 1
20 163 1
20 165 1
20 166 1
20 167 1
20 169 1
20 170 1
20 172 1
20 173 1
20 176 1
20 179 1
20 180 1
20 190 1
20 193 1
20 194 1
20 199 1
20 201 1
20 202 1
20 205 1
20 207 1
20 208 1
21 172 1
21 173 1
21 184 1
21 185 1
21 193 1
21 197 1
21 203 1
21 207 1
21 208 1
22 158 1
22 161 1
22 163 1
22 165 1
22 166 1
22 167 1
22 168 1
22 170 1
22 171 1
22 172 1
22 173 1
22 174 1
22 179 1
22 180 1
22 181 1
22 182 1
22 183 1
22 184 1
22 185 1
22 190 1
22 191 1
22 192 1
22 193 1
22 194 1
22 199 1
22 201 1
22 202 1
22 205 1
22 207 1
22 208 1
23 158 1
23 161 1
23 168 1
23 174 1
23 179 1
23 184 1
23 185 1
23 192 1
23 194 1
23 195 1
23 197 1
23 199 1
23 201 1
23 202 1
23 203 1
23 205 1
23 208 1
24 161 1
24 172 1
24 173 1
24 179 1
24 194 1
24 208 1
25 163 1
25 180 1
25 185 1
25 190 1
25 207 1
25 208 1
26 158 1
26 163 1
26 177 1
26 183 1
26 191 1
26 192 1
26 193 1
26 197 1
26 199 1
26 203 1
26 205 1
27 158 1
27 161 1
27 163 1
27 166 1
27 167 1
27 168 1
27 169 1
27 174 1
27 176 1
27 177 1
27 179 1
27 181 1
27 182 1
27 184 1
27 185 1
27 190 1
27 191 1
27 193 1
27 194 1
27 201 1
27 202 1
27 205 1
27 207 1
27 208 1
28 158 1
28 163 1
28 179 1
28 180 1
28 181 1
28 182 1
28 184 1
28 190 1
28 191 1
28 192 1
28 194 1
28 195 1
28 197 1
28 201 1
28 202 1
28 203 1
28 205 1
28 207 1
28 208 1
29 158 1
29 163 1
29 166 1
29 167 1
29 169 1
29 176 1
29 181 1
29 182 1
29 183 1
29 184 1
29 191 1
29 192 1
29 193 1
29 199 1
29 201 1
29 202 1
29 205 1
29 207 1
29 208 1
30 165 1
30 168 1
30 174 1
30 180 1
30 184 1
30 190 1
30 192 1
30 195 1
30 207 1
30 208 1
31 158 1
31 161 1
31 163 1
31 168 1
31 170 1
31 174 1
31 177 1
31 179 1
31 180 1
31 181 1
31 182 1
31 184 1
31 190 1
31 193 1
31 194 1
31 195 1
31 197 1
31 199 1
31 201 1
31 202 1
31 203 1
31 205 1
31 207 1
31 208 1
32 158 1
32 163 1
32 168 1
32 174 1
32 181 1
32 182 1
32 183 1
32 184 1
32 185 1
32 190 1
32 192 1
32 193 1
32 195 1
32 201 1
32 202 1
32 205 1
32 207 1
32 208 1
33 177 1
33 179 1
33 184 1
33 185 1
33 190 1
33 193 1
33 194 1
33 197 1
33 199 1
33 203 1
34 163 1
34 197 1
34 203 1
35 158 1
35 163 1
35 177 1
35 180 1
35 181 1
35 182 1
35 184 1
35 185 1
35 190 1
35 191 1
35 193 1
35 195 1
35 197 1
35 201 1
35 202 1
35 203 1
35 205 1
35 207 1
35 208 1
36 161 1
36 162 1
36 163 1
36 165 1
36 169 1
36 176 1
36 177 1
36 179 1
36 184 1
36 185 1
36 193 1
36 194 1
36 199 1
36 201 1
36 202 1
36 207 1
36 208 1
37 163 1
38 158 1
38 165 1
38 179 1
38 181 1
38 182 1
38 185 1
38 193 1
38 194 1
38 205 1
38 207 1
38 208 1
39 158 1
39 163 1
39 177 1
39 180 1
39 181 1
39 182 1
39 184 1
39 192 1
39 197 1
39 203 1
39 205 1
39 207 1
39 208 1
40 158 1
40 161 1
40 162 1
40 163 1
40 165 1
40 168 1
40 169 1
40 170 1
40 171 1
40 172 1
40 173 1
40 174 1
40 176 1
40 179 1
40 180 1
40 181 1
40 182 1
40 183 1
40 184 1
40 185 1
40 193 1
40 194 1
40 195 1
40 197 1
40 199 1
40 201 1
40 202 1
40 203 1
40 205 1
40 208 1
41 163 1
41 172 1
41 173 1
41 177 1
41 180 1
41 181 1
41 182 1
41 184 1
41 190 1
41 193 1
41 197 1
41 203 1
41 207 1
41 208 1
42 192 1
42 201 1
42 202 1
43 158 1
43 161 1
43 163 1
43 177 1
43 181 1
43 182 1
43 184 1
43 190 1
43 191 1
43 193 1
43 195 1
43 197 1
43 199 1
43 203 1
43 205 1
43 207 1
43 208 1
44 171 1
44 179 1
44 194 1
45 158 1
45 161 1
45 163 1
45 166 1
45 167 1
45 168 1
45 169 1
45 170 1
45 174 1
45 176 1
45 179 1
45 180 1
45 181 1
45 182 1
45 184 1
45 185 1
45 190 1
45 191 1
45 193 1
45 194 1
45 195 1
45 199 1
45 201 1
45 202 1
45 205 1
45 207 1
45 208 1
46 158 1
46 161 1
46 162 1
46 163 1
46 165 1
46 166 1
46 167 1
46 170 1
46 177 1
46 179 1
46 180 1
46 181 1
46 182 1
46 183 1
46 184 1
46 185 1
46 190 1
46 192 1
46 193 1
46 194 1
46 195 1
46 197 1
46 199 1
46 201 1
46 202 1
46 203 1
46 205 1
46 207 1
46 208 1
47 156 1
48 156 1
48 157 1
48 158 1
48 175 1
48 178 1
48 186 1
48 189 1
48 196 1
48 198 1
48 204 1
48 205 1
48 206 1
48 209 1
48 211 1
48 213 1
49 209 1
49 211 1
49 213 1
50 178 1
50 189 1
50 198 1
50 204 1
50 209 1
50 210 1
50 211 1
50 213 1
51 210 1
51 211 1
51 213 1
52 213 1
53 159 1
53 212 1
53 213 1
54 156 1
54 213 1
55 159 1
55 161 1
55 208 1
56 159 1
56 178 1
56 212 1
56 213 1
57 159 1
57 209 1
57 211 1
58 159 1
59 157 1
59 158 1
59 175 1
59 178 1
59 187 1
59 188 1
59 189 1
59 200 1
59 204 1
59 205 1
59 210 1
59 211 1
59 213 1
60 178 1
60 213 1
61 156 1
61 157 1
61 158 1
61 163 1
61 178 1
61 184 1
61 189 1
61 204 1
61 205 1
61 211 1
62 211 1
63 156 1
63 157 1
63 159 1
63 178 1
63 184 1
63 201 1
63 202 1
63 210 1
63 211 1
63 213 1
64 156 1
64 175 1
64 184 1
64 198 1
64 210 1
64 211 1
64 213 1
66 156 1
66 175 1
68 211 1
69 175 1
69 198 1
69 211 1
69 213 1
70 209 1
70 210 1
70 212 1
70 213 1
71 159 1
71 189 1
71 204 1
71 211 1
71 213 1
72 156 1
72 157 1
72 158 1
72 159 1
72 178 1
72 184 1
72 195 1
72 199 1
72 200 1
72 205 1
72 207 1
72 208 1
72 209 1
72 210 1
72 211 1
72 213 1
74 190 1
74 209 1
74 212 1
75 159 1
76 159 1
76 210 1
76 213 1
77 212 1
78 157 1
78 159 1
78 178 1
79 160 1
79 209 1
79 210 1
79 211 1
79 213 1
81 210 1
81 211 1
81 213 1
82 189 1
82 204 1
83 186 1
83 189 1
83 196 1
83 199 1
83 201 1
83 202 1
83 204 1
83 206 1
83 211 1
83 213 1
85 201 1
85 202 1
86 159 1
86 208 1
86 209 1
87 156 1
87 157 1
87 189 1
87 204 1
89 157 1
89 212 1
91 211 1
92 209 1
92 211 1
92 213 1
93 159 1
93 210 1
93 211 1
93 213 1
95 159 1
95 175 1
95 178 1
95 209 1
95 210 1
95 211 1
95 212 1
95 213 1
96 211 1
97 159 1
97 211 1
97 213 1
98 211 1
99 159 1
99 178 1
99 196 1
100 159 1
100 213 1
101 209 1
101 211 1
101 213 1
