0 130 1
0 131 1
0 134 1
0 135 1
0 136 1
0 138 1
0 139 1
0 140 1
0 142 1
0 143 1
0 144 1
0 146 1
0 147 1
0 148 1
0 149 1
0 150 1
0 151 1
0 154 1
0 155 1
0 156 1
0 157 1
0 159 1
0 161 1
0 162 1
0 166 1
0 167 1
0 171 1
1 130 1
1 131 1
1 146 1
1 155 1
1 156 1
1 157 1
1 162 1
1 167 1
1 171 1
2 130 1
2 132 1
2 152 1
2 153 1
2 158 1
2 163 1
2 165 1
2 168 1
2 169 1
3 131 1
3 156 1
3 157 1
4 130 1
4 131 1
4 134 1
4 135 1
4 136 1
4 146 1
4 148 1
4 150 1
4 154 1
4 155 1
4 156 1
4 157 1
4 159 1
4 161 1
4 162 1
4 167 1
5 130 1
5 131 1
5 136 1
5 142 1
5 146 1
5 148 1
5 154 1
5 155 1
5 156 1
5 157 1
5 159 1
5 161 1
5 162 1
5 166 1
5 167 1
6 130 1
7 130 1
7 148 1
8 130 1
8 138 1
9 130 1
9 131 1
9 134 1
9 135 1
9 136 1
9 138 1
9 142 1
9 144 1
9 146 1
9 147 1
9 148 1
9 149 1
9 150 1
9 155 1
9 156 1
9 159 1
9 161 1
9 166 1
9 167 1
10 130 1
10 131 1
10 135 1
10 136 1
10 138 1
10 142 1
10 143 1
10 146 1
10 148 1
10 149 1
10 150 1
10 151 1
10 154 1
10 155 1
10 156 1
10 157 1
10 159 1
10 162 1
10 166 1
10 167 1
11 130 1
11 131 1
11 134 1
11 135 1
11 136 1
11 138 1
11 142 1
11 144 1
11 149 1
11 150 1
11 154 1
11 155 1
11 156 1
11 161 1
11 162 1
11 166 1
11 167 1
12 130 1
12 131 1
12 136 1
12 155 1
12 157 1
12 159 1
13 130 1
13 131 1
13 136 1
13 138 1
13 146 1
13 149 1
13 156 1
13 162 1
13 166 1
14 130 1
14 131 1
14 135 1
14 136 1
14 138 1
14 142 1
14 144 1
14 146 1
14 148 1
14 155 1
14 156 1
14 159 1
14 161 1
14 162 1
14 166 1
14 167 1
15 136 1
15 146 1
15 150 1
15 161 1
15 167 1
16 130 1
16 131 1
16 136 1
16 139 1
16 148 1
16 155 1
16 156 1
16 159 1
16 162 1
16 166 1
17 130 1
17 131 1
17 136 1
17 155 1
17 156 1
17 167 1
18 130 1
18 131 1
18 134 1
18 144 1
18 146 1
18 149 1
18 154 1
18 155 1
18 156 1
18 157 1
18 159 1
18 162 1
18 167 1
19 130 1
19 131 1
19 134 1
19 136 1
19 148 1
19 154 1
19 155 1
19 157 1
19 162 1
20 142 1
20 146 1
20 155 1
20 159 1
20 161 1
21 130 1
21 131 1
21 134 1
21 136 1
21 138 1
21 142 1
21 146 1
21 148 1
21 149 1
21 150 1
21 151 1
21 155 1
21 156 1
21 157 1
21 159 1
21 161 1
21 162 1
22 131 1
23 130 1
23 131 1
23 134 1
23 135 1
23 136 1
23 138 1
23 139 1
23 140 1
23 142 1
23 143 1
23 144 1
23 148 1
23 149 1
23 150 1
23 155 1
23 156 1
23 157 1
23 159 1
23 161 1
23 162 1
23 167 1
24 130 1
24 135 1
24 155 1
24 157 1
24 167 1
25 131 1
25 134 1
25 136 1
25 138 1
25 149 1
25 150 1
25 154 1
25 155 1
25 156 1
25 162 1
26 130 1
26 131 1
26 155 1
26 156 1
26 162 1
27 131 1
27 157 1
28 130 1
28 131 1
28 135 1
28 138 1
28 146 1
28 149 1
28 155 1
28 156 1
28 157 1
28 162 1
29 149 1
29 157 1
29 167 1
30 131 1
30 134 1
30 136 1
30 138 1
30 142 1
30 156 1
31 131 1
31 136 1
31 138 1
31 142 1
31 146 1
31 149 1
31 154 1
31 155 1
31 156 1
31 157 1
31 161 1
31 162 1
32 131 1
32 148 1
32 150 1
32 155 1
33 130 1
33 155 1
34 136 1
34 155 1
35 131 1
35 135 1
35 136 1
35 138 1
35 142 1
35 144 1
35 146 1
35 147 1
35 148 1
35 150 1
35 151 1
35 155 1
35 156 1
35 162 1
36 131 1
36 157 1
37 140 1
38 131 1
38 155 1
39 134 1
39 136 1
39 149 1
40 131 1
40 155 1
41 131 1
41 134 1
41 136 1
41 146 1
41 148 1
41 149 1
41 150 1
41 156 1
41 157 1
41 161 1
41 162 1
42 130 1
42 156 1
42 157 1
43 136 1
43 155 1
45 152 1
51 165 1
52 170 1
56 132 1
56 152 1
56 168 1
56 170 1
56 171 1
59 168 1
59 169 1
59 171 1
60 132 1
60 163 1
60 168 1
60 169 1
60 170 1
60 171 1
62 168 1
62 169 1
62 170 1
63 168 1
66 163 1
66 168 1
66 169 1
67 168 1
67 169 1
67 170 1
68 163 1
68 168 1
68 169 1
68 170 1
69 171 1
70 168 1
70 169 1
71 171 1
72 168 1
72 169 1
72 170 1
73 168 1
73 171 1
74 168 1
74 169 1
75 168 1
75 169 1
75 170 1
75 171 1
76 168 1
76 169 1
77 137 1
77 163 1
77 168 1
77 169 1
77 170 1
80 168 1
81 163 1
81 168 1
