0 146 1
0 147 1
0 148 1
0 150 1
0 151 1
0 152 1
0 155 1
0 156 1
0 157 1
0 158 1
0 160 1
0 161 1
0 162 1
0 163 1
0 164 1
0 165 1
0 167 1
0 168 1
0 169 1
0 170 1
0 171 1
0 174 1
0 175 1
0 176 1
0 177 1
0 178 1
0 179 1
0 180 1
0 182 1
0 184 1
0 185 1
0 186 1
0 189 1
0 193 1
1 170 1
1 173 1
1 187 1
1 188 1
1 190 1
1 191 1
2 147 1
2 175 1
2 178 1
2 193 1
3 147 1
3 148 1
3 150 1
3 151 1
3 155 1
3 157 1
3 158 1
3 160 1
3 161 1
3 162 1
3 164 1
3 167 1
3 169 1
3 170 1
3 176 1
3 177 1
3 178 1
3 185 1
4 147 1
4 150 1
4 151 1
4 152 1
4 156 1
4 157 1
4 160 1
4 161 1
4 165 1
4 167 1
4 169 1
4 170 1
4 171 1
4 174 1
4 175 1
4 176 1
4 177 1
4 178 1
4 180 1
4 184 1
4 185 1
4 186 1
5 155 1
5 158 1
5 162 1
5 164 1
5 177 1
6 170 1
7 177 1
8 146 1
8 147 1
8 148 1
8 170 1
8 174 1
8 180 1
9 150 1
9 160 1
9 161 1
9 170 1
9 178 1
10 148 1
10 150 1
10 152 1
10 165 1
10 167 1
10 169 1
10 171 1
10 175 1
10 176 1
10 177 1
10 178 1
10 182 1
10 184 1
10 185 1
10 186 1
11 146 1
11 147 1
11 148 1
11 150 1
11 155 1
11 157 1
11 158 1
11 160 1
11 161 1
11 162 1
11 163 1
11 164 1
11 165 1
11 167 1
11 169 1
11 175 1
11 176 1
11 177 1
11 182 1
11 189 1
12 147 1
12 165 1
12 170 1
12 176 1
12 178 1
12 185 1
13 152 1
14 147 1
14 150 1
14 152 1
14 165 1
14 167 1
14 170 1
14 176 1
14 184 1
14 185 1
15 147 1
15 148 1
15 151 1
15 152 1
15 155 1
15 158 1
15 160 1
15 161 1
15 162 1
15 163 1
15 164 1
15 165 1
15 167 1
15 169 1
15 170 1
15 171 1
15 174 1
15 175 1
15 176 1
15 177 1
15 178 1
15 184 1
15 185 1
15 186 1
16 160 1
16 161 1
16 169 1
16 170 1
17 146 1
17 147 1
17 148 1
17 150 1
17 151 1
17 152 1
17 155 1
17 156 1
17 157 1
17 158 1
17 160 1
17 161 1
17 162 1
17 163 1
17 164 1
17 165 1
17 167 1
17 168 1
17 169 1
17 170 1
17 171 1
17 172 1
17 174 1
17 175 1
17 176 1
17 177 1
17 178 1
17 180 1
17 182 1
17 184 1
17 185 1
17 186 1
17 189 1
18 168 1
18 177 1
19 148 1
19 151 1
19 152 1
19 169 1
19 175 1
19 176 1
20 148 1
20 151 1
20 152 1
20 157 1
20 168 1
20 175 1
20 177 1
20 178 1
20 184 1
20 185 1
21 170 1
22 146 1
22 147 1
22 148 1
22 151 1
22 152 1
22 155 1
22 156 1
22 158 1
22 160 1
22 161 1
22 162 1
22 163 1
22 164 1
22 167 1
22 169 1
22 170 1
22 171 1
22 172 1
22 174 1
22 175 1
22 176 1
22 177 1
22 178 1
22 180 1
22 182 1
22 184 1
22 185 1
22 186 1
23 155 1
23 182 1
24 148 1
24 152 1
24 155 1
24 160 1
24 161 1
24 168 1
24 169 1
24 170 1
24 175 1
24 177 1
24 178 1
24 184 1
24 185 1
25 175 1
25 176 1
25 177 1
25 178 1
26 148 1
26 150 1
26 152 1
26 155 1
26 158 1
26 162 1
26 163 1
26 164 1
26 165 1
26 169 1
26 175 1
26 182 1
27 147 1
27 148 1
27 150 1
27 151 1
27 152 1
27 155 1
27 157 1
27 167 1
27 168 1
27 169 1
27 170 1
27 171 1
27 172 1
27 176 1
27 177 1
27 182 1
27 184 1
27 186 1
28 148 1
28 150 1
28 151 1
28 155 1
28 157 1
28 158 1
28 160 1
28 161 1
28 162 1
28 164 1
28 167 1
28 170 1
28 171 1
28 175 1
28 176 1
28 178 1
28 182 1
28 184 1
28 186 1
29 147 1
29 148 1
29 152 1
29 158 1
29 162 1
29 163 1
29 164 1
29 165 1
29 170 1
29 177 1
29 178 1
29 184 1
30 146 1
30 147 1
30 160 1
30 161 1
30 170 1
30 174 1
30 177 1
31 150 1
31 155 1
31 158 1
31 162 1
31 164 1
31 170 1
31 178 1
31 185 1
32 148 1
32 150 1
32 155 1
32 158 1
32 162 1
32 164 1
32 165 1
32 176 1
32 178 1
33 175 1
33 178 1
34 152 1
34 176 1
35 147 1
35 152 1
35 155 1
35 176 1
35 177 1
36 148 1
37 160 1
37 161 1
37 167 1
37 169 1
37 177 1
38 150 1
38 152 1
38 155 1
38 157 1
38 158 1
38 162 1
38 163 1
38 164 1
38 165 1
38 175 1
38 178 1
38 182 1
39 165 1
40 158 1
40 162 1
40 164 1
40 165 1
40 175 1
40 176 1
40 177 1
40 185 1
41 148 1
41 150 1
41 152 1
41 165 1
41 169 1
41 175 1
41 177 1
42 146 1
42 157 1
42 160 1
42 161 1
42 169 1
43 151 1
43 160 1
43 161 1
43 170 1
44 146 1
44 147 1
44 148 1
44 150 1
44 151 1
44 152 1
44 155 1
44 156 1
44 157 1
44 158 1
44 160 1
44 161 1
44 162 1
44 163 1
44 164 1
44 165 1
44 167 1
44 169 1
44 170 1
44 171 1
44 174 1
44 175 1
44 176 1
44 177 1
44 178 1
44 182 1
44 184 1
44 185 1
44 186 1
45 146 1
45 147 1
45 148 1
45 150 1
45 151 1
45 152 1
45 155 1
45 157 1
45 158 1
45 160 1
45 161 1
45 162 1
45 163 1
45 164 1
45 167 1
45 170 1
45 171 1
45 174 1
45 175 1
45 176 1
45 177 1
45 178 1
45 184 1
45 185 1
45 186 1
45 189 1
46 146 1
46 157 1
46 158 1
46 162 1
46 164 1
47 185 1
48 152 1
48 171 1
48 178 1
48 184 1
48 186 1
50 149 1
50 191 1
50 192 1
51 190 1
53 191 1
54 190 1
54 191 1
58 190 1
58 191 1
58 192 1
59 190 1
59 191 1
59 193 1
60 190 1
60 192 1
63 187 1
63 190 1
63 192 1
64 190 1
66 190 1
67 147 1
67 149 1
67 183 1
67 190 1
67 191 1
68 190 1
68 191 1
69 192 1
70 187 1
70 190 1
70 191 1
70 192 1
70 193 1
72 190 1
72 193 1
73 190 1
73 191 1
73 193 1
74 191 1
76 190 1
76 191 1
77 191 1
78 190 1
78 191 1
80 173 1
82 193 1
85 191 1
88 190 1
88 191 1
88 193 1
89 190 1
90 190 1
90 191 1
90 192 1
92 190 1
