0 38 1
0 39 1
0 40 1
0 42 1
0 43 1
0 46 1
1 38 1
1 41 1
1 42 1
1 43 1
1 45 1
1 47 1
2 38 1
2 40 1
2 42 1
2 43 1
2 44 1
3 39 1
3 41 1
3 43 1
3 44 1
3 45 1
3 47 1
4 38 1
4 40 1
4 42 1
4 43 1
4 44 1
4 47 1
5 39 1
5 40 1
5 42 1
5 44 1
5 46 1
5 48 1
6 38 1
6 39 1
6 40 1
6 41 1
6 44 1
7 38 1
7 42 1
7 43 1
7 47 1
8 38 1
8 39 1
8 40 1
8 45 1
9 38 1
9 39 1
9 43 1
9 44 1
10 38 1
10 39 1
10 41 1
10 46 1
11 38 1
11 39 1
11 40 1
11 45 1
12 39 1
12 41 1
12 45 1
13 38 1
13 40 1
13 42 1
14 40 1
14 42 1
14 48 1
15 38 1
15 40 1
15 41 1
16 40 1
16 41 1
16 42 1
17 39 1
17 44 1
17 46 1
18 43 1
18 44 1
19 41 1
19 43 1
20 38 1
20 42 1
21 40 1
21 45 1
22 38 1
22 46 1
23 40 1
23 46 1
24 41 1
25 39 1
25 40 1
26 38 1
26 41 1
27 38 1
28 47 1
29 45 1
30 39 1
31 39 1
32 38 1
33 38 1
34 41 1
35 41 1
36 39 1
37 46 1
