0 135 1
0 136 1
0 137 1
0 138 1
0 140 1
0 141 1
0 142 1
0 143 1
0 144 1
0 145 1
0 146 1
0 147 1
0 148 1
0 149 1
0 150 1
0 151 1
0 152 1
0 153 1
0 154 1
0 155 1
0 156 1
0 157 1
0 158 1
0 159 1
0 160 1
0 161 1
0 162 1
0 163 1
0 164 1
0 165 1
0 166 1
0 167 1
0 168 1
0 169 1
0 170 1
0 171 1
1 137 1
1 157 1
1 158 1
1 159 1
1 162 1
1 164 1
1 166 1
1 170 1
1 171 1
2 169 1
3 135 1
3 145 1
3 149 1
3 152 1
3 161 1
4 144 1
4 145 1
4 146 1
4 149 1
4 153 1
4 162 1
5 145 1
5 149 1
6 145 1
6 149 1
7 140 1
7 143 1
8 150 1
9 136 1
9 147 1
9 153 1
9 161 1
10 136 1
10 145 1
10 146 1
10 149 1
10 153 1
10 169 1
11 136 1
11 138 1
11 141 1
11 142 1
11 145 1
11 149 1
11 150 1
11 155 1
11 161 1
11 162 1
11 163 1
12 136 1
12 138 1
12 141 1
12 142 1
12 145 1
12 149 1
12 154 1
12 155 1
12 165 1
13 135 1
13 136 1
13 138 1
13 141 1
13 142 1
13 143 1
13 153 1
13 156 1
13 160 1
13 161 1
13 162 1
13 167 1
14 144 1
14 161 1
14 164 1
15 144 1
16 138 1
16 150 1
17 162 1
18 145 1
18 146 1
18 149 1
19 135 1
19 136 1
19 138 1
19 140 1
19 143 1
19 144 1
19 145 1
19 146 1
19 147 1
19 149 1
19 152 1
19 153 1
19 156 1
19 160 1
19 161 1
19 162 1
19 163 1
19 164 1
19 167 1
20 138 1
20 150 1
20 154 1
20 165 1
21 135 1
21 136 1
21 138 1
21 141 1
21 142 1
21 143 1
21 145 1
21 146 1
21 149 1
21 150 1
21 152 1
21 153 1
21 154 1
21 155 1
21 156 1
21 160 1
21 161 1
21 162 1
21 163 1
21 165 1
21 167 1
21 169 1
22 135 1
22 136 1
22 138 1
22 140 1
22 141 1
22 142 1
22 143 1
22 144 1
22 145 1
22 146 1
22 147 1
22 148 1
22 149 1
22 150 1
22 152 1
22 155 1
22 156 1
22 160 1
22 161 1
22 162 1
22 163 1
22 167 1
22 169 1
23 148 1
24 150 1
25 154 1
25 165 1
25 169 1
26 161 1
27 138 1
27 141 1
27 142 1
27 145 1
27 148 1
27 149 1
27 150 1
27 152 1
27 153 1
27 154 1
27 155 1
27 156 1
27 162 1
27 165 1
27 167 1
27 168 1
28 138 1
28 145 1
28 148 1
28 149 1
28 150 1
28 154 1
28 155 1
28 165 1
28 168 1
29 150 1
30 138 1
30 146 1
30 155 1
30 156 1
30 167 1
31 138 1
32 162 1
33 138 1
34 135 1
34 138 1
34 144 1
34 145 1
34 148 1
34 149 1
34 150 1
34 154 1
34 155 1
34 156 1
34 165 1
34 167 1
34 168 1
35 138 1
35 141 1
35 142 1
35 148 1
35 150 1
35 152 1
35 154 1
35 165 1
35 168 1
36 144 1
37 138 1
37 150 1
37 161 1
38 138 1
38 141 1
38 142 1
38 152 1
38 153 1
38 169 1
39 145 1
39 149 1
40 138 1
41 138 1
41 148 1
42 148 1
42 152 1
42 155 1
43 136 1
43 138 1
43 141 1
43 142 1
43 145 1
43 146 1
43 148 1
43 149 1
43 150 1
43 152 1
43 154 1
43 156 1
43 162 1
43 163 1
43 165 1
43 167 1
43 168 1
43 169 1
44 138 1
44 144 1
44 145 1
44 146 1
44 148 1
44 149 1
44 150 1
44 152 1
44 153 1
44 154 1
44 161 1
44 165 1
44 168 1
45 163 1
46 152 1
48 136 1
50 170 1
51 170 1
52 158 1
52 166 1
52 170 1
52 171 1
55 158 1
55 170 1
55 171 1
56 170 1
56 171 1
57 137 1
57 151 1
57 158 1
57 159 1
57 166 1
57 171 1
58 137 1
58 151 1
58 158 1
58 159 1
58 166 1
58 170 1
58 171 1
59 170 1
59 171 1
62 158 1
62 170 1
62 171 1
63 170 1
64 166 1
64 170 1
64 171 1
65 137 1
66 137 1
66 158 1
66 166 1
66 170 1
66 171 1
68 158 1
69 170 1
69 171 1
71 171 1
72 158 1
72 170 1
72 171 1
73 170 1
76 158 1
77 170 1
79 170 1
79 171 1
80 170 1
80 171 1
81 170 1
83 170 1
