0 142 1
0 143 1
0 144 1
0 145 1
0 147 1
0 148 1
0 149 1
0 150 1
0 152 1
0 153 1
0 154 1
0 155 1
0 156 1
0 158 1
0 159 1
0 160 1
0 161 1
0 162 1
0 163 1
0 165 1
0 166 1
0 168 1
0 169 1
0 170 1
0 171 1
0 172 1
0 175 1
0 176 1
0 177 1
0 178 1
0 179 1
0 180 1
0 181 1
0 183 1
0 185 1
0 186 1
0 187 1
1 142 1
1 144 1
1 147 1
1 148 1
1 149 1
1 156 1
1 171 1
1 172 1
1 176 1
1 177 1
1 178 1
1 181 1
1 183 1
1 186 1
2 144 1
2 145 1
2 148 1
2 153 1
2 156 1
2 160 1
2 161 1
2 162 1
2 165 1
2 169 1
2 171 1
2 172 1
2 175 1
2 178 1
2 179 1
2 186 1
2 187 1
3 142 1
3 144 1
3 147 1
3 148 1
3 156 1
3 159 1
3 165 1
3 171 1
3 172 1
3 176 1
3 177 1
3 180 1
3 186 1
4 156 1
4 186 1
5 142 1
5 150 1
5 153 1
5 159 1
5 163 1
5 165 1
5 171 1
5 172 1
5 176 1
5 177 1
5 183 1
5 185 1
5 187 1
6 153 1
6 168 1
6 171 1
6 172 1
7 142 1
7 143 1
7 144 1
7 145 1
7 147 1
7 148 1
7 149 1
7 152 1
7 153 1
7 154 1
7 155 1
7 156 1
7 158 1
7 159 1
7 160 1
7 161 1
7 162 1
7 163 1
7 165 1
7 166 1
7 168 1
7 169 1
7 171 1
7 172 1
7 175 1
7 176 1
7 177 1
7 178 1
7 179 1
7 180 1
7 181 1
7 183 1
7 186 1
8 142 1
8 149 1
8 150 1
8 152 1
8 155 1
8 156 1
8 158 1
8 160 1
8 161 1
8 162 1
8 163 1
8 165 1
8 171 1
8 172 1
8 176 1
8 177 1
8 181 1
9 156 1
9 186 1
10 142 1
10 143 1
10 144 1
10 153 1
10 156 1
10 165 1
10 176 1
10 177 1
10 178 1
11 144 1
11 145 1
11 148 1
11 149 1
11 150 1
11 156 1
11 159 1
11 165 1
11 166 1
11 168 1
11 169 1
11 171 1
11 172 1
11 176 1
11 177 1
11 178 1
11 181 1
11 183 1
11 186 1
11 187 1
12 144 1
12 145 1
12 148 1
12 149 1
12 156 1
12 160 1
12 161 1
12 162 1
12 163 1
12 165 1
12 169 1
12 181 1
13 142 1
13 143 1
13 144 1
13 145 1
13 147 1
13 148 1
13 149 1
13 150 1
13 153 1
13 154 1
13 156 1
13 159 1
13 160 1
13 161 1
13 162 1
13 165 1
13 166 1
13 169 1
13 171 1
13 172 1
13 176 1
13 177 1
13 178 1
13 181 1
13 183 1
13 186 1
14 145 1
14 147 1
14 148 1
14 153 1
14 154 1
14 156 1
14 160 1
14 161 1
14 162 1
14 165 1
14 168 1
14 169 1
14 171 1
14 172 1
14 175 1
14 178 1
14 179 1
14 185 1
14 186 1
15 148 1
15 156 1
15 165 1
15 178 1
16 142 1
16 144 1
16 149 1
16 156 1
16 165 1
16 166 1
16 178 1
16 180 1
16 181 1
16 186 1
17 142 1
17 144 1
17 145 1
17 147 1
17 148 1
17 149 1
17 150 1
17 152 1
17 153 1
17 154 1
17 155 1
17 158 1
17 159 1
17 165 1
17 168 1
17 169 1
17 171 1
17 172 1
17 176 1
17 177 1
17 181 1
17 183 1
18 144 1
18 178 1
19 142 1
19 144 1
19 145 1
19 147 1
19 148 1
19 149 1
19 150 1
19 152 1
19 153 1
19 154 1
19 155 1
19 156 1
19 158 1
19 159 1
19 160 1
19 161 1
19 162 1
19 165 1
19 166 1
19 168 1
19 169 1
19 171 1
19 172 1
19 175 1
19 176 1
19 177 1
19 178 1
19 179 1
19 180 1
19 181 1
19 183 1
19 186 1
20 142 1
20 144 1
20 145 1
20 148 1
20 149 1
20 152 1
20 153 1
20 154 1
20 155 1
20 156 1
20 158 1
20 159 1
20 160 1
20 161 1
20 162 1
20 163 1
20 165 1
20 168 1
20 169 1
20 171 1
20 172 1
20 175 1
20 176 1
20 177 1
20 178 1
20 179 1
20 180 1
20 181 1
20 183 1
20 185 1
20 186 1
21 142 1
21 156 1
21 176 1
21 177 1
22 142 1
22 156 1
23 156 1
23 160 1
23 161 1
23 162 1
23 176 1
23 177 1
23 178 1
24 145 1
24 148 1
24 153 1
24 156 1
24 165 1
24 169 1
24 183 1
24 186 1
25 165 1
26 156 1
26 160 1
26 161 1
26 162 1
26 163 1
26 171 1
26 172 1
27 148 1
27 171 1
27 172 1
28 156 1
28 159 1
28 166 1
28 171 1
28 172 1
29 145 1
29 153 1
29 159 1
29 169 1
29 178 1
30 142 1
30 144 1
30 145 1
30 148 1
30 149 1
30 150 1
30 152 1
30 153 1
30 155 1
30 156 1
30 163 1
30 165 1
30 166 1
30 169 1
30 171 1
30 172 1
30 176 1
30 177 1
30 178 1
30 181 1
30 186 1
31 145 1
31 148 1
31 156 1
31 169 1
31 171 1
31 172 1
31 178 1
32 148 1
32 163 1
32 171 1
32 172 1
33 152 1
33 155 1
33 156 1
33 165 1
33 166 1
34 156 1
34 163 1
34 165 1
35 144 1
35 148 1
35 156 1
35 160 1
35 161 1
35 162 1
35 165 1
35 168 1
35 171 1
35 172 1
35 176 1
35 177 1
35 178 1
35 183 1
35 186 1
36 145 1
36 154 1
36 168 1
36 169 1
36 178 1
37 144 1
37 163 1
37 165 1
37 171 1
37 172 1
38 144 1
38 148 1
38 156 1
38 165 1
39 142 1
39 144 1
39 145 1
39 147 1
39 148 1
39 150 1
39 152 1
39 155 1
39 156 1
39 158 1
39 159 1
39 160 1
39 161 1
39 162 1
39 163 1
39 165 1
39 166 1
39 168 1
39 169 1
39 171 1
39 172 1
39 178 1
39 183 1
39 186 1
40 144 1
40 145 1
40 148 1
40 152 1
40 153 1
40 155 1
40 156 1
40 165 1
40 169 1
40 171 1
40 172 1
40 178 1
40 183 1
41 145 1
41 165 1
41 169 1
41 183 1
41 187 1
42 142 1
42 144 1
42 145 1
42 147 1
42 148 1
42 153 1
42 154 1
42 156 1
42 158 1
42 165 1
42 168 1
42 169 1
42 171 1
42 172 1
42 178 1
42 183 1
42 186 1
43 142 1
43 144 1
43 145 1
43 148 1
43 149 1
43 156 1
43 158 1
43 160 1
43 161 1
43 162 1
43 163 1
43 165 1
43 169 1
43 171 1
43 172 1
43 178 1
43 181 1
43 186 1
44 142 1
44 166 1
44 185 1
45 143 1
45 144 1
45 146 1
45 158 1
45 184 1
45 188 1
45 190 1
45 191 1
48 146 1
48 191 1
49 190 1
49 191 1
50 191 1
51 142 1
51 189 1
52 142 1
52 144 1
52 146 1
52 156 1
52 158 1
52 164 1
52 167 1
52 168 1
52 173 1
52 184 1
52 189 1
52 190 1
52 191 1
53 167 1
54 144 1
55 146 1
57 146 1
57 190 1
57 191 1
58 146 1
58 173 1
58 190 1
58 191 1
59 142 1
59 146 1
59 157 1
59 166 1
59 167 1
59 173 1
59 174 1
59 182 1
59 184 1
59 186 1
59 189 1
59 190 1
59 191 1
62 142 1
62 144 1
62 146 1
62 164 1
62 167 1
62 168 1
62 170 1
62 173 1
62 182 1
62 189 1
62 191 1
63 144 1
63 146 1
63 164 1
63 167 1
63 173 1
63 190 1
63 191 1
65 190 1
66 142 1
66 189 1
69 191 1
71 190 1
71 191 1
72 143 1
72 146 1
72 184 1
72 188 1
72 190 1
72 191 1
73 167 1
75 144 1
75 146 1
75 190 1
77 190 1
77 191 1
79 173 1
81 150 1
82 144 1
82 146 1
82 167 1
85 146 1
85 173 1
85 190 1
85 191 1
86 146 1
88 191 1
90 146 1
90 191 1
92 190 1
93 146 1
93 190 1
93 191 1
