0 24 1
0 26 1
0 28 1
0 45 1
0 64 1
1 24 1
1 25 1
1 26 1
1 28 1
1 31 1
2 24 1
2 25 1
2 26 1
2 28 1
2 31 1
2 32 1
3 24 1
3 25 1
3 26 1
3 28 1
3 45 1
3 48 1
3 63 1
4 24 1
4 26 1
4 29 1
4 37 1
4 48 1
4 55 1
5 22 1
5 24 1
5 26 1
5 28 1
5 29 1
5 45 1
6 24 1
6 26 1
6 28 1
6 29 1
6 31 1
7 24 1
7 26 1
7 28 1
7 31 1
7 33 1
7 58 1
8 24 1
8 26 1
8 31 1
8 71 1
9 24 1
9 25 1
9 26 1
9 28 1
9 54 1
9 71 1
10 24 1
10 26 1
10 27 1
10 28 1
10 31 1
10 45 1
11 24 1
11 26 1
11 28 1
11 31 1
11 32 1
11 62 1
12 24 1
12 26 1
12 28 1
12 37 1
12 42 1
12 44 1
12 45 1
12 50 1
12 61 1
12 62 1
12 68 1
12 69 1
12 72 1
12 73 1
13 45 1
14 37 1
14 40 1
14 41 1
14 51 1
14 55 1
14 59 1
14 60 1
14 61 1
14 64 1
15 24 1
15 33 1
15 35 1
15 37 1
15 38 1
15 39 1
15 40 1
15 44 1
15 45 1
15 46 1
15 49 1
15 50 1
15 52 1
15 54 1
15 55 1
15 60 1
15 61 1
15 62 1
15 63 1
15 65 1
15 69 1
15 70 1
16 26 1
16 37 1
16 40 1
16 44 1
16 45 1
16 57 1
16 59 1
16 60 1
17 24 1
17 35 1
17 39 1
17 42 1
17 44 1
17 45 1
17 52 1
17 53 1
17 57 1
17 60 1
17 61 1
17 63 1
17 65 1
17 67 1
18 24 1
18 33 1
18 35 1
18 36 1
18 39 1
18 40 1
18 44 1
18 45 1
18 47 1
18 57 1
18 59 1
18 60 1
18 62 1
18 64 1
19 24 1
19 34 1
19 39 1
19 40 1
19 45 1
19 46 1
19 49 1
19 54 1
19 56 1
19 57 1
19 61 1
20 23 1
20 24 1
20 27 1
20 37 1
20 38 1
20 43 1
20 44 1
20 45 1
20 57 1
20 59 1
20 60 1
20 64 1
20 66 1
21 24 1
21 26 1
21 27 1
21 29 1
21 30 1
21 37 1
21 45 1
21 48 1
21 60 1
21 61 1
