0 31 1
0 46 1
0 47 1
0 51 1
0 70 1
1 25 1
1 26 1
1 27 1
1 33 1
1 35 1
1 70 1
2 26 1
2 27 1
2 35 1
2 67 1
2 68 1
3 37 1
3 40 1
3 45 1
3 46 1
3 48 1
3 52 1
3 60 1
3 66 1
3 67 1
3 73 1
3 74 1
3 76 1
4 26 1
4 28 1
4 32 1
5 24 1
5 26 1
5 27 1
5 28 1
5 51 1
5 70 1
6 26 1
6 28 1
6 29 1
7 26 1
7 28 1
7 67 1
8 26 1
8 27 1
9 38 1
9 67 1
9 68 1
9 70 1
9 73 1
9 75 1
10 26 1
10 27 1
10 28 1
10 29 1
10 32 1
11 26 1
11 27 1
12 26 1
12 28 1
12 51 1
12 67 1
13 26 1
13 27 1
13 30 1
14 26 1
14 40 1
14 43 1
14 45 1
14 47 1
14 48 1
14 50 1
14 51 1
14 56 1
14 58 1
14 60 1
14 61 1
14 63 1
14 66 1
14 67 1
14 73 1
14 76 1
15 25 1
15 26 1
15 27 1
15 28 1
15 33 1
15 76 1
16 26 1
16 27 1
17 26 1
17 27 1
17 29 1
17 30 1
17 34 1
17 35 1
17 36 1
17 42 1
17 43 1
17 45 1
17 47 1
17 50 1
17 51 1
17 60 1
17 61 1
17 67 1
17 68 1
17 72 1
17 73 1
17 74 1
18 26 1
18 27 1
18 42 1
18 51 1
18 61 1
19 39 1
19 43 1
19 44 1
19 54 1
19 57 1
19 61 1
19 71 1
20 27 1
20 41 1
20 43 1
20 51 1
20 57 1
20 64 1
20 66 1
20 67 1
20 68 1
20 69 1
20 73 1
20 74 1
21 27 1
21 36 1
21 37 1
21 40 1
21 43 1
21 45 1
21 49 1
21 51 1
21 53 1
21 54 1
21 55 1
21 57 1
21 59 1
21 61 1
21 62 1
21 63 1
21 64 1
21 66 1
21 67 1
21 73 1
21 74 1
21 75 1
21 77 1
22 26 1
22 42 1
22 45 1
22 47 1
22 51 1
22 57 1
22 61 1
22 66 1
22 67 1
22 74 1
23 28 1
23 29 1
23 43 1
23 51 1
23 65 1
23 67 1
