0 716 1
1 710 1
2 688 1
2 715 1
3 731 1
3 740 1
4 738 1
5 691 6
5 696 1
5 716 2
6 688 1
6 715 1
7 710 1
8 715 1
9 691 2
9 704 1
10 691 1
10 738 1
10 742 1
11 724 1
11 736 1
12 717 1
12 761 1
13 761 1
14 710 1
14 757 1
15 715 1
15 736 1
16 683 1
16 715 1
16 738 2
16 741 2
16 757 1
17 686 3
17 726 1
18 710 1
18 717 1
19 707 5
19 720 1
20 720 1
20 740 1
21 763 1
21 764 1
22 733 3
23 716 11
23 717 9
24 686 1
24 717 2
25 749 1
26 688 1
26 707 2
26 710 8
26 715 3
26 757 2
26 761 1
27 710 1
28 688 1
28 710 1
28 764 2
29 688 1
29 694 1
29 710 1
29 726 1
30 703 1
31 757 2
31 767 1
32 688 1
32 707 3
32 710 1
32 715 1
32 744 2
32 757 1
33 766 11
34 766 1
35 716 9
35 717 1
36 738 1
37 717 1
38 731 1
39 688 2
39 729 3
39 766 1
40 704 1
40 764 1
41 729 2
42 715 1
43 688 1
44 704 1
44 710 4
44 715 1
44 720 1
45 698 1
45 720 1
46 698 1
46 729 2
46 754 2
47 764 1
48 688 12
48 715 2
48 717 1
49 688 1
50 688 1
50 729 3
50 731 1
51 688 1
51 703 1
51 710 6
51 715 1
51 720 3
51 749 1
51 761 2
52 710 2
53 688 1
54 688 106
54 710 1
54 715 5
55 688 2
55 710 1
56 749 1
57 688 1
57 749 1
58 688 1
59 715 1
60 704 1
61 688 1
62 749 1
63 717 5
63 733 1
64 742 1
65 688 2
66 688 1
67 688 1
67 757 2
67 761 3
67 766 3
67 767 5
68 761 1
69 698 2
69 700 1
69 704 4
69 714 3
69 716 1
69 717 9
69 730 1
69 740 34
69 742 6
69 759 2
69 766 1
70 698 11
70 716 3
70 740 2
70 742 1
70 766 1
71 749 1
72 688 1
73 688 1
74 688 1
75 688 1
76 688 1
77 688 1
78 715 1
79 688 1
80 688 1
81 688 1
82 738 1
83 736 1
84 717 1
85 691 1
86 686 1
86 717 1
87 686 1
88 707 1
89 688 1
89 763 1
90 716 3
91 704 1
92 706 1
92 755 1
93 714 1
93 724 1
94 717 1
95 738 2
96 688 1
97 688 1
98 766 1
99 724 1
100 691 1
100 717 1
100 754 4
101 679 1
101 685 1
101 686 1
101 695 1
101 698 1
101 704 3
101 707 4
101 716 13
101 717 6
101 722 1
101 730 1
101 742 5
101 765 2
101 766 6
102 741 1
103 680 1
103 681 1
103 682 7
103 699 6
103 700 29
103 703 1
103 707 2
103 708 1
103 714 2
103 716 3
103 717 1
103 718 1
103 719 8
103 722 1
103 723 2
103 730 1
103 731 1
103 735 1
103 739 2
103 745 1
103 750 1
103 755 1
103 758 1
103 766 6
103 769 1
104 696 1
104 703 1
104 714 2
104 720 1
104 737 1
104 748 1
104 755 2
104 766 3
105 679 1
105 691 1
105 695 1
105 696 1
105 700 19
105 701 1
105 702 1
105 712 1
105 713 1
105 716 1
105 717 1
105 719 1
105 722 2
105 723 4
105 734 1
105 737 1
105 739 1
105 740 17
105 745 1
105 747 1
105 748 1
105 752 1
105 760 1
105 766 1
105 769 1
106 703 4
106 709 1
106 737 2
106 763 2
106 765 1
107 740 1
108 686 1
109 695 1
110 686 1
111 741 1
112 761 1
113 740 1
114 737 1
115 683 1
116 688 1
117 686 1
118 761 1
119 720 1
120 684 1
121 704 1
122 733 1
123 736 1
124 688 1
125 715 1
126 710 1
127 712 1
128 688 1
129 746 1
130 688 2
131 717 1
131 730 1
132 688 1
133 761 1
134 686 1
134 691 1
135 688 1
135 767 1
136 710 1
137 710 1
138 740 1
139 690 1
139 717 1
140 717 1
141 736 1
142 731 1
143 688 2
144 688 1
145 749 5
146 684 1
147 703 1
148 761 1
148 766 1
149 710 2
149 766 1
150 740 2
151 740 3
152 765 2
153 754 3
154 689 1
154 703 1
154 704 3
154 707 2
154 740 2
154 763 2
154 765 1
154 766 2
155 684 5
155 686 1
155 690 2
155 694 1
155 700 2
155 703 13
155 704 3
155 712 4
155 721 1
155 726 2
155 731 2
155 737 1
155 738 1
155 740 4
155 746 1
155 747 1
155 754 1
155 762 1
155 763 3
155 764 12
155 765 9
155 766 1
155 767 2
156 749 3
157 737 1
158 688 1
159 691 4
160 717 1
160 754 1
161 716 1
162 704 1
162 717 1
163 742 1
164 686 3
164 733 2
165 688 2
166 716 1
167 703 2
167 732 1
167 764 1
168 731 1
168 736 2
168 738 1
169 749 1
170 688 1
171 691 2
171 736 1
172 688 3
172 721 1
172 731 1
173 684 2
174 684 2
174 763 1
175 704 6
176 736 1
177 704 2
178 691 1
178 698 1
179 710 1
180 715 1
181 717 1
182 698 2
183 715 1
184 720 1
185 686 1
186 688 2
186 736 1
187 688 1
188 688 1
189 688 1
190 688 1
190 715 1
191 710 1
192 764 1
193 717 1
194 741 1
195 710 1
196 765 1
197 733 1
198 691 2
199 717 1
200 737 1
201 707 1
202 749 1
203 737 2
204 736 1
205 688 2
205 761 2
205 766 1
206 720 1
207 688 6
207 703 1
207 710 43
207 715 1
207 716 2
207 717 1
207 720 3
207 761 4
207 766 1
207 767 2
208 688 8
209 688 1
210 767 1
211 695 1
212 731 1
212 740 1
213 723 1
214 724 1
215 742 1
216 717 1
217 733 1
218 696 1
219 746 1
220 761 1
220 767 1
221 717 1
222 724 1
223 710 1
224 746 1
225 717 1
226 688 1
227 749 1
228 737 1
229 700 1
230 761 1
230 766 1
231 688 1
232 717 1
233 688 36
233 715 1
234 688 1
235 761 1
235 767 2
236 688 1
237 698 1
238 686 1
239 688 1
240 716 1
241 704 1
241 749 1
242 684 1
242 688 1
243 688 1
244 742 1
245 729 1
246 729 1
247 715 1
248 691 2
249 691 1
250 691 2
250 752 1
251 686 1
251 691 1
252 698 6
252 717 1
253 686 2
253 715 1
253 740 1
254 688 1
255 715 1
256 716 2
257 716 2
258 688 1
259 715 2
260 688 3
261 688 3
262 688 1
263 688 4
264 688 2
265 688 1
266 738 1
266 766 3
267 688 1
268 688 1
269 688 1
270 731 1
271 688 1
272 688 1
273 688 3
273 710 1
273 746 1
273 761 1
274 688 8
274 715 1
274 736 1
275 688 2
276 688 1
277 688 1
278 688 2
278 711 1
278 747 1
278 765 1
279 684 1
279 688 7
279 711 1
279 736 1
279 763 1
280 738 1
281 737 1
282 688 1
283 688 2
283 698 2
284 749 2
285 738 1
286 688 2
287 688 1
288 688 2
289 688 3
290 688 1
291 688 1
292 684 1
293 688 1
294 717 1
295 686 1
296 684 1
297 688 1
298 688 1
299 698 1
300 698 1
301 728 1
301 729 1
301 731 1
301 740 1
302 688 1
302 696 1
302 710 2
302 715 1
302 716 3
302 731 1
303 716 1
304 707 2
304 725 4
304 737 1
304 738 6
304 749 12
305 688 1
305 690 2
305 691 2
305 695 1
305 698 2
305 700 2
305 707 2
305 710 1
305 712 1
305 715 1
305 717 4
305 721 1
305 730 3
305 731 13
305 738 4
305 741 1
305 742 3
305 753 1
305 761 6
305 766 2
305 767 2
306 690 1
306 717 1
306 720 3
306 730 1
306 742 1
306 744 1
306 754 1
307 686 1
307 710 1
307 716 1
307 717 1
307 733 1
307 761 1
308 717 1
309 688 1
310 754 1
311 683 2
311 717 2
311 733 1
311 741 1
311 742 6
312 710 1
313 737 19
313 738 2
313 749 15
314 717 1
315 716 1
316 766 1
317 688 1
318 685 1
318 691 2
318 698 2
318 717 2
319 692 1
319 724 1
319 767 1
320 752 1
321 691 4
321 717 7
322 688 1
322 715 1
322 757 1
322 761 1
323 766 1
324 686 1
324 688 1
324 716 1
324 717 1
325 717 1
326 733 1
327 688 1
327 767 1
328 691 1
329 717 1
330 690 2
330 712 1
330 723 1
330 731 2
330 747 1
331 764 1
332 707 1
332 710 1
333 683 2
333 686 20
333 689 1
333 691 1
333 741 2
333 742 7
333 752 1
333 761 6
334 686 1
335 740 3
336 688 1
337 736 1
338 688 1
339 688 1
340 710 1
341 731 1
342 688 1
343 691 1
344 696 1
345 691 1
346 740 1
347 733 1
348 715 1
349 740 1
350 740 1
351 695 1
352 695 1
353 686 1
354 716 1
355 688 1
356 688 1
357 686 1
358 716 1
359 686 1
360 716 1
361 736 1
362 691 1
363 688 1
364 686 1
365 761 1
366 688 1
367 710 1
368 688 1
369 710 1
370 764 1
371 689 6
371 716 4
372 696 1
373 717 1
373 741 1
374 716 1
375 717 1
375 766 1
376 761 1
377 691 1
377 724 1
378 680 1
378 688 2
378 704 2
378 712 1
378 763 1
379 707 1
379 710 8
379 715 3
379 740 1
379 757 1
379 761 1
380 698 1
380 720 1
381 767 1
382 698 1
382 707 1
383 686 2
383 697 1
384 707 1
384 716 4
385 712 1
385 752 1
386 683 1
387 688 1
387 696 4
387 703 1
387 707 9
387 710 1
387 715 3
387 716 13
387 723 1
387 743 1
387 761 2
387 767 1
388 688 2
388 691 1
388 707 9
388 710 10
388 712 1
388 713 1
388 715 13
388 716 2
388 717 10
388 723 1
388 741 1
388 744 1
388 751 1
388 757 8
388 761 2
388 767 5
389 716 2
390 707 1
390 738 1
390 766 1
390 767 1
391 691 1
391 707 1
391 724 1
392 691 1
392 717 3
392 720 3
392 724 2
392 740 2
392 754 1
392 766 1
392 767 1
393 688 2
393 766 2
393 767 2
394 696 1
394 700 1
394 711 1
394 716 6
394 721 1
394 740 1
394 752 1
394 766 1
394 768 1
395 707 1
396 688 2
396 717 4
396 742 1
396 765 2
397 688 1
398 688 1
399 688 1
400 688 1
401 688 1
402 736 1
403 710 1
404 710 1
405 724 2
406 688 4
406 704 1
406 715 1
406 736 1
406 737 1
407 766 1
408 761 1
409 696 1
409 716 9
410 688 1
410 766 3
411 703 2
412 715 1
413 715 1
415 717 1
416 688 1
417 688 14
417 715 1
418 688 1
419 717 1
420 767 1
421 688 2
422 683 1
423 688 3
423 710 4
423 757 2
424 757 1
425 688 1
425 710 1
426 688 5
426 710 1
426 763 1
427 722 3
428 712 1
428 733 1
428 742 2
429 761 1
430 686 1
430 690 1
430 731 2
431 686 1
431 687 1
431 688 19
431 698 1
431 710 5
431 715 2
431 720 1
432 710 2
432 720 1
433 716 1
434 767 1
435 690 1
435 710 1
435 731 1
435 761 1
435 766 1
436 766 1
437 766 1
438 688 1
439 715 1
440 766 1
441 716 1
441 752 1
442 714 1
443 688 1
443 738 1
444 689 1
444 716 2
445 707 1
446 683 1
447 704 1
447 707 1
448 688 1
449 688 1
450 688 1
450 743 20
450 757 1
450 761 1
450 767 1
451 707 1
452 743 1
453 766 1
454 740 1
455 749 3
456 688 4
456 698 1
456 707 3
456 710 1
456 715 1
456 716 1
456 717 2
456 738 1
456 757 7
456 761 9
456 767 2
457 710 1
458 688 1
459 688 1
460 688 1
461 715 1
462 688 1
463 688 1
464 688 1
465 710 1
466 688 1
467 688 1
468 688 1
469 684 1
469 738 3
469 749 1
470 767 1
471 717 1
472 698 1
473 737 1
474 717 6
475 686 1
475 733 1
476 703 1
476 715 1
476 757 1
477 703 1
478 763 1
478 765 1
479 707 1
479 727 3
479 731 1
479 737 1
480 707 1
480 754 1
481 710 1
481 720 1
482 688 1
482 707 1
482 710 1
482 761 3
482 767 2
483 688 1
483 767 1
484 686 1
484 691 1
485 683 1
485 741 2
486 726 1
487 717 1
488 720 1
489 703 2
490 764 2
490 765 1
491 698 1
492 688 1
493 705 1
494 703 1
494 740 1
495 689 2
495 691 1
495 707 2
495 716 9
495 717 3
496 691 1
497 717 5
498 691 1
499 717 2
499 724 1
500 766 1
501 717 1
502 767 1
503 717 1
504 757 1
504 766 14
505 731 4
506 746 1
506 757 1
506 761 1
507 716 1
508 710 1
508 757 1
509 710 1
510 710 3
510 757 1
510 766 3
511 757 1
512 720 1
513 688 2
514 686 1
514 712 1
515 717 1
516 686 1
516 691 1
516 716 1
516 717 2
517 717 1
518 688 2
518 757 1
519 736 1
520 688 13
520 736 7
520 757 2
520 761 4
520 766 1
520 767 1
521 691 1
521 698 2
521 724 1
522 717 2
523 729 1
524 688 2
524 704 1
524 710 1
524 766 1
525 691 2
526 683 1
527 724 1
528 715 1
528 761 1
529 717 1
530 766 1
531 686 1
532 717 1
533 736 1
534 686 1
535 691 1
536 691 1
537 741 1
538 688 1
539 688 1
540 757 1
541 716 1
542 700 1
542 719 1
543 686 4
543 691 3
543 696 1
543 710 1
543 716 1
543 742 1
543 752 1
543 761 1
544 688 1
545 742 1
546 766 1
547 688 1
548 716 1
549 688 1
550 711 1
550 742 1
551 731 1
552 710 2
552 757 1
553 736 1
554 717 2
555 767 1
556 688 2
557 688 2
558 688 1
559 704 1
560 688 1
561 724 1
562 688 1
563 767 1
564 710 1
564 746 1
565 757 1
566 716 1
567 715 1
568 688 1
568 698 3
569 688 1
569 691 1
569 698 1
569 707 2
569 710 1
569 717 1
569 720 3
569 724 3
569 733 1
570 717 1
570 757 1
571 691 2
572 688 1
573 715 1
574 724 1
575 717 1
575 720 1
576 761 1
577 740 1
578 688 1
578 710 1
578 716 1
579 757 1
580 766 1
581 710 1
581 717 1
582 710 1
583 737 9
584 698 1
584 733 1
585 688 1
585 710 3
585 761 1
585 767 1
586 716 1
587 753 1
588 686 1
588 729 1
589 733 1
590 688 1
591 698 1
592 688 1
593 742 1
594 742 1
595 741 1
596 737 1
597 686 1
598 729 1
599 761 1
600 742 1
601 688 1
602 730 1
603 710 1
604 767 1
605 688 1
606 686 1
607 688 1
608 688 1
609 710 1
610 688 1
611 767 1
612 688 1
613 688 1
614 688 1
614 710 1
615 688 1
616 717 1
617 686 1
617 703 1
618 716 1
619 757 1
620 740 2
621 715 1
622 736 2
623 766 2
624 738 2
625 712 1
626 683 1
627 717 1
628 765 1
629 724 1
630 688 1
631 722 1
631 740 1
632 766 1
633 710 1
634 736 1
635 688 1
636 688 1
637 688 1
638 688 1
639 688 1
639 766 1
640 688 1
641 688 1
642 688 1
643 700 1
644 688 1
645 767 1
646 757 1
647 761 1
648 696 1
649 761 1
650 710 1
651 686 1
651 707 1
652 757 1
652 761 2
653 737 3
654 736 1
655 717 1
656 715 2
657 700 1
658 683 1
658 686 1
658 740 3
658 741 1
658 742 1
658 746 1
658 761 2
659 714 1
660 740 1
661 767 2
662 717 1
663 717 2
664 717 8
665 717 2
666 710 1
667 716 1
668 716 1
669 716 1
670 767 1
671 716 1
671 738 1
671 765 1
672 691 1
673 684 1
674 707 3
675 717 1
676 688 1
677 688 1
678 690 1
