0 156 1
0 157 1
0 159 1
0 160 1
0 161 1
0 162 1
0 163 1
0 164 1
0 165 1
0 167 1
0 168 1
0 169 1
0 170 1
0 171 1
0 173 1
0 176 1
0 178 1
0 179 1
0 180 1
0 181 1
0 182 1
0 184 1
0 185 1
0 186 1
0 187 1
0 189 1
0 190 1
0 191 1
0 192 1
0 193 1
0 194 1
1 156 1
1 158 1
1 182 1
1 188 1
1 195 1
2 157 1
2 159 1
2 160 1
2 178 1
2 181 1
2 192 1
3 156 1
3 157 1
3 159 1
3 160 1
3 178 1
3 182 1
4 156 1
4 160 1
4 164 1
4 169 1
4 171 1
4 173 1
4 175 1
4 177 1
4 179 1
4 182 1
4 184 1
4 192 1
5 156 1
5 157 1
5 160 1
5 164 1
5 167 1
5 168 1
5 169 1
5 171 1
5 173 1
5 175 1
5 178 1
5 181 1
5 182 1
5 184 1
6 178 1
7 192 1
8 161 1
8 167 1
9 161 1
9 165 1
9 167 1
9 171 1
9 177 1
9 187 1
9 189 1
9 192 1
10 156 1
10 157 1
10 159 1
10 160 1
10 161 1
10 162 1
10 163 1
10 164 1
10 165 1
10 167 1
10 168 1
10 169 1
10 170 1
10 171 1
10 173 1
10 175 1
10 176 1
10 178 1
10 179 1
10 180 1
10 182 1
10 184 1
10 185 1
10 186 1
10 190 1
10 192 1
10 193 1
10 194 1
11 156 1
11 157 1
11 159 1
11 160 1
11 161 1
11 162 1
11 164 1
11 167 1
11 168 1
11 169 1
11 171 1
11 173 1
11 176 1
11 177 1
11 178 1
11 179 1
11 182 1
11 184 1
11 185 1
11 186 1
11 190 1
11 192 1
11 194 1
12 157 1
13 157 1
14 157 1
14 160 1
14 162 1
14 170 1
14 171 1
14 173 1
14 178 1
14 184 1
15 156 1
15 157 1
15 159 1
15 160 1
15 161 1
15 162 1
15 163 1
15 164 1
15 165 1
15 167 1
15 168 1
15 169 1
15 170 1
15 171 1
15 173 1
15 175 1
15 176 1
15 177 1
15 178 1
15 179 1
15 182 1
15 184 1
15 185 1
15 187 1
15 190 1
15 192 1
15 193 1
15 194 1
16 156 1
16 157 1
16 160 1
16 162 1
16 163 1
16 164 1
16 168 1
16 169 1
16 170 1
16 173 1
16 175 1
16 179 1
16 182 1
16 184 1
16 185 1
16 186 1
16 192 1
16 194 1
17 173 1
17 192 1
18 156 1
18 157 1
18 159 1
18 160 1
18 161 1
18 162 1
18 163 1
18 167 1
18 168 1
18 170 1
18 171 1
18 173 1
18 175 1
18 178 1
18 180 1
18 181 1
18 182 1
18 184 1
18 187 1
19 156 1
19 157 1
19 160 1
19 161 1
19 162 1
19 163 1
19 168 1
19 173 1
19 175 1
19 178 1
19 182 1
19 184 1
20 170 1
21 156 1
21 157 1
21 159 1
21 162 1
21 163 1
21 168 1
21 169 1
21 170 1
21 171 1
21 173 1
21 175 1
21 178 1
21 180 1
21 182 1
21 184 1
21 185 1
21 192 1
21 194 1
22 156 1
22 157 1
22 159 1
22 160 1
22 161 1
22 162 1
22 163 1
22 164 1
22 167 1
22 169 1
22 170 1
22 171 1
22 175 1
22 177 1
22 178 1
22 179 1
22 180 1
22 182 1
22 184 1
22 185 1
22 186 1
22 187 1
22 192 1
22 193 1
22 194 1
23 156 1
23 173 1
23 175 1
23 182 1
24 157 1
24 159 1
24 160 1
24 170 1
24 171 1
24 177 1
24 178 1
24 189 1
24 192 1
25 156 1
25 157 1
25 160 1
25 161 1
25 162 1
25 163 1
25 164 1
25 168 1
25 170 1
25 171 1
25 173 1
25 177 1
25 178 1
25 182 1
25 184 1
25 185 1
25 186 1
25 190 1
25 192 1
25 193 1
25 194 1
26 156 1
26 159 1
26 160 1
26 161 1
26 168 1
26 169 1
26 170 1
26 171 1
26 175 1
26 177 1
26 181 1
26 182 1
26 186 1
26 189 1
26 192 1
27 157 1
27 168 1
27 173 1
27 178 1
28 156 1
28 157 1
28 160 1
28 161 1
28 162 1
28 163 1
28 170 1
28 171 1
28 173 1
28 178 1
28 182 1
28 184 1
28 192 1
29 156 1
29 161 1
29 164 1
29 167 1
29 176 1
29 177 1
29 180 1
29 182 1
30 156 1
30 161 1
30 168 1
30 173 1
30 175 1
30 178 1
30 182 1
30 185 1
30 187 1
30 194 1
31 156 1
31 157 1
31 160 1
31 170 1
31 173 1
31 175 1
31 179 1
31 180 1
31 182 1
31 184 1
31 186 1
31 192 1
32 156 1
32 157 1
32 159 1
32 161 1
32 164 1
32 167 1
32 168 1
32 169 1
32 170 1
32 175 1
32 177 1
32 178 1
32 182 1
32 186 1
32 189 1
32 192 1
33 156 1
33 157 1
33 160 1
33 164 1
33 169 1
33 170 1
33 171 1
33 173 1
33 177 1
33 178 1
33 182 1
33 189 1
33 190 1
34 170 1
35 170 1
35 171 1
35 184 1
36 156 1
36 157 1
36 159 1
36 160 1
36 164 1
36 170 1
36 171 1
36 177 1
36 182 1
36 184 1
36 186 1
36 189 1
36 190 1
36 192 1
37 171 1
38 159 1
38 192 1
39 157 1
39 160 1
39 162 1
39 163 1
39 168 1
39 170 1
39 173 1
39 178 1
39 192 1
40 156 1
40 157 1
40 159 1
40 161 1
40 182 1
41 156 1
41 159 1
41 161 1
41 162 1
41 164 1
41 165 1
41 167 1
41 168 1
41 169 1
41 170 1
41 171 1
41 173 1
41 175 1
41 177 1
41 180 1
41 182 1
41 184 1
41 186 1
41 187 1
41 189 1
41 190 1
41 192 1
41 193 1
42 167 1
42 180 1
42 187 1
43 156 1
43 159 1
43 169 1
43 173 1
43 175 1
43 178 1
43 182 1
44 156 1
44 159 1
44 160 1
44 178 1
44 182 1
44 186 1
45 156 1
45 171 1
45 182 1
45 184 1
45 192 1
46 156 1
46 157 1
46 162 1
46 163 1
46 173 1
46 178 1
46 182 1
46 184 1
46 187 1
47 156 1
47 161 1
47 164 1
47 182 1
47 186 1
47 187 1
47 192 1
48 163 1
48 189 1
49 156 1
49 157 1
49 159 1
49 160 1
49 161 1
49 162 1
49 163 1
49 164 1
49 165 1
49 167 1
49 170 1
49 171 1
49 173 1
49 176 1
49 177 1
49 179 1
49 182 1
49 184 1
49 185 1
49 186 1
49 187 1
49 189 1
49 192 1
49 193 1
49 194 1
50 156 1
50 157 1
50 159 1
50 160 1
50 161 1
50 162 1
50 164 1
50 165 1
50 167 1
50 168 1
50 169 1
50 170 1
50 171 1
50 173 1
50 175 1
50 176 1
50 177 1
50 178 1
50 179 1
50 181 1
50 182 1
50 184 1
50 185 1
50 186 1
50 187 1
50 192 1
50 193 1
50 194 1
51 156 1
51 157 1
51 159 1
51 160 1
51 162 1
51 182 1
51 184 1
51 185 1
51 194 1
52 156 1
52 157 1
52 182 1
53 159 1
53 161 1
53 163 1
53 164 1
53 175 1
53 178 1
53 189 1
54 167 1
54 171 1
54 176 1
54 177 1
55 156 1
55 159 1
55 170 1
55 182 1
55 190 1
56 156 1
56 168 1
56 175 1
56 182 1
57 158 1
57 159 1
57 174 1
57 188 1
57 193 1
58 188 1
58 195 1
59 195 1
62 195 1
63 195 1
64 156 1
64 182 1
64 195 1
65 195 1
66 156 1
66 158 1
66 159 1
66 166 1
66 172 1
66 174 1
66 182 1
66 188 1
66 195 1
69 166 1
69 195 1
70 156 1
70 182 1
70 188 1
70 195 1
71 188 1
75 195 1
77 156 1
77 158 1
77 182 1
77 188 1
77 195 1
83 195 1
84 195 1
85 165 1
85 195 1
86 183 1
86 188 1
87 159 1
88 195 1
89 195 1
90 195 1
93 195 1
94 156 1
94 182 1
94 195 1
95 195 1
96 195 1
