0 88 1
0 89 1
1 88 1
1 89 1
2 89 1
3 89 1
4 89 1
4 90 1
5 88 1
5 89 1
6 89 1
7 88 1
7 89 1
8 88 1
9 89 1
10 89 1
11 89 1
12 89 1
12 90 1
12 91 1
13 89 1
14 89 1
15 89 1
16 88 1
17 88 1
17 89 1
17 93 1
18 89 1
19 89 1
20 89 1
21 89 1
22 89 1
23 89 1
24 89 1
25 89 1
26 88 1
27 91 1
28 88 1
28 89 1
28 92 1
29 88 1
29 89 1
30 88 1
30 89 1
31 88 1
31 89 1
32 89 1
33 89 1
34 89 1
35 89 1
36 90 1
37 89 1
38 89 1
39 88 1
39 89 1
40 91 1
41 89 1
42 88 1
42 89 1
43 88 1
43 89 1
44 89 1
45 92 1
46 88 1
47 88 1
47 89 1
48 89 1
49 89 1
50 89 1
51 91 1
52 88 1
53 89 1
54 88 1
54 89 1
55 89 1
56 88 1
57 89 1
58 88 1
58 89 1
59 88 1
59 89 1
60 88 1
60 89 1
61 89 1
62 89 1
63 88 1
63 89 1
64 88 1
64 89 1
65 89 1
66 89 1
67 89 1
68 89 1
69 88 1
70 88 1
71 89 1
72 89 1
73 91 1
74 89 1
75 89 1
76 89 1
77 88 1
78 89 1
79 89 1
80 88 1
80 90 1
81 89 1
82 89 1
83 89 1
84 88 1
84 89 1
85 88 1
85 89 1
86 89 1
86 92 1
87 89 1
