0 68 1
1 64 1
1 66 1
1 67 1
1 68 1
2 68 1
3 68 1
4 64 1
4 65 1
4 66 1
4 68 1
5 68 1
6 68 1
7 65 1
7 67 1
7 68 1
8 64 1
8 67 1
8 68 1
9 68 1
10 68 1
11 68 1
12 68 1
13 64 1
13 68 1
14 68 1
15 68 1
16 68 1
17 65 1
17 66 1
17 67 1
17 68 1
18 67 1
18 68 1
19 68 1
20 65 1
20 68 1
21 66 1
21 68 1
22 68 1
23 64 1
23 66 1
23 68 1
24 68 1
25 68 1
26 68 1
27 68 1
28 66 1
28 68 1
29 68 1
30 68 1
31 68 1
32 64 1
32 66 1
32 68 1
33 64 1
33 68 1
34 64 1
34 68 1
35 66 1
35 68 1
36 68 1
37 68 1
38 68 1
39 68 1
40 68 1
41 68 1
42 68 1
43 64 1
43 68 1
44 68 1
45 68 1
46 68 1
47 68 1
48 64 1
48 68 1
49 68 1
50 68 1
51 68 1
52 68 1
53 68 1
54 64 1
54 65 1
54 66 1
54 68 1
55 68 1
56 64 1
56 68 1
57 68 1
58 68 1
59 68 1
60 68 1
61 68 1
62 68 1
63 68 1
