0 118 1
0 119 1
0 120 1
0 122 1
0 123 1
0 125 1
0 126 1
0 127 1
0 128 1
0 129 1
0 130 1
0 132 1
0 133 1
0 135 1
0 136 1
0 137 1
0 138 1
0 139 1
0 140 1
0 141 1
0 144 1
0 145 1
0 146 1
0 147 1
0 148 1
0 150 1
1 119 1
1 120 1
1 136 1
1 137 1
1 141 1
1 145 1
1 150 1
2 121 1
2 134 1
2 142 1
2 152 1
2 154 1
2 155 1
3 119 1
3 123 1
3 135 1
3 141 1
3 150 1
4 119 1
4 122 1
4 123 1
4 128 1
4 133 1
4 135 1
4 141 1
4 146 1
5 118 1
5 123 1
5 125 1
5 126 1
5 128 1
5 130 1
5 132 1
5 135 1
5 138 1
5 140 1
5 144 1
5 145 1
5 146 1
5 147 1
5 148 1
5 150 1
6 122 1
6 125 1
6 126 1
6 127 1
6 128 1
6 130 1
6 132 1
6 133 1
7 122 1
7 133 1
7 145 1
8 119 1
8 120 1
8 122 1
8 123 1
8 125 1
8 126 1
8 129 1
8 130 1
8 132 1
8 133 1
8 135 1
8 136 1
8 137 1
8 138 1
8 139 1
8 140 1
8 141 1
8 144 1
8 145 1
8 146 1
8 147 1
8 148 1
9 118 1
9 119 1
9 120 1
9 122 1
9 123 1
9 125 1
9 126 1
9 127 1
9 128 1
9 129 1
9 130 1
9 132 1
9 133 1
9 135 1
9 136 1
9 137 1
9 138 1
9 139 1
9 140 1
9 141 1
9 145 1
9 146 1
9 147 1
9 148 1
10 119 1
10 130 1
10 141 1
10 144 1
10 145 1
10 146 1
10 150 1
11 123 1
11 138 1
11 147 1
11 148 1
11 150 1
12 138 1
12 147 1
12 148 1
13 119 1
13 123 1
13 135 1
13 141 1
13 146 1
14 120 1
14 123 1
14 125 1
14 126 1
14 127 1
14 129 1
14 130 1
14 132 1
14 135 1
14 136 1
14 137 1
14 144 1
14 146 1
15 119 1
15 141 1
15 145 1
16 144 1
16 146 1
17 119 1
17 120 1
17 122 1
17 123 1
17 125 1
17 126 1
17 127 1
17 129 1
17 130 1
17 132 1
17 133 1
17 135 1
17 136 1
17 137 1
17 138 1
17 139 1
17 140 1
17 141 1
17 144 1
17 145 1
17 146 1
17 147 1
17 148 1
17 150 1
18 119 1
18 122 1
18 123 1
18 125 1
18 126 1
18 127 1
18 128 1
18 130 1
18 132 1
18 133 1
18 135 1
18 139 1
18 140 1
18 141 1
18 144 1
18 145 1
18 146 1
19 123 1
19 135 1
20 119 1
20 122 1
20 130 1
20 133 1
20 135 1
20 138 1
20 139 1
20 140 1
20 141 1
20 144 1
20 145 1
20 147 1
20 148 1
21 125 1
21 126 1
21 138 1
21 147 1
21 148 1
22 144 1
23 125 1
23 126 1
24 119 1
24 122 1
24 133 1
24 139 1
24 140 1
24 141 1
25 123 1
25 145 1
26 119 1
26 122 1
26 133 1
26 139 1
26 141 1
26 144 1
26 145 1
27 118 1
27 123 1
27 129 1
27 135 1
27 139 1
28 130 1
29 144 1
30 120 1
30 123 1
30 128 1
30 135 1
30 136 1
30 137 1
30 145 1
31 119 1
31 122 1
31 123 1
31 128 1
31 130 1
31 132 1
31 133 1
31 135 1
31 139 1
31 140 1
31 141 1
31 144 1
31 145 1
31 146 1
32 125 1
32 126 1
32 132 1
32 135 1
32 138 1
32 144 1
32 146 1
32 147 1
32 148 1
32 150 1
33 119 1
33 123 1
33 141 1
34 122 1
34 133 1
34 150 1
35 139 1
36 119 1
36 120 1
36 123 1
36 125 1
36 126 1
36 128 1
36 136 1
36 137 1
36 141 1
37 125 1
37 126 1
37 127 1
37 128 1
37 129 1
37 139 1
37 150 1
38 127 1
38 128 1
39 130 1
41 154 1
41 155 1
42 155 1
43 155 1
45 134 1
45 142 1
45 152 1
45 153 1
45 154 1
45 155 1
46 142 1
46 152 1
46 153 1
46 154 1
46 155 1
47 134 1
47 155 1
48 134 1
48 142 1
48 152 1
48 153 1
48 154 1
49 134 1
49 142 1
49 145 1
49 152 1
49 153 1
50 134 1
50 142 1
50 152 1
50 154 1
50 155 1
53 142 1
53 152 1
53 154 1
53 155 1
55 142 1
55 152 1
57 134 1
57 142 1
57 143 1
57 152 1
57 153 1
57 154 1
58 153 1
60 142 1
60 152 1
61 153 1
61 155 1
62 155 1
63 155 1
64 153 1
64 154 1
64 155 1
69 153 1
69 155 1
70 142 1
70 149 1
70 151 1
70 152 1
70 153 1
70 154 1
70 155 1
71 142 1
71 152 1
72 155 1
73 153 1
73 155 1
74 155 1
