0 154 1
0 156 1
0 157 1
0 158 1
0 159 1
0 160 1
0 161 1
0 162 1
0 164 1
0 165 1
0 166 1
0 168 1
0 169 1
0 170 1
0 171 1
0 172 1
0 173 1
0 174 1
0 175 1
0 176 1
0 177 1
0 178 1
0 179 1
0 180 1
0 181 1
0 182 1
0 183 1
0 184 1
0 185 1
0 186 1
0 188 1
0 189 1
0 190 1
0 191 1
0 192 1
0 193 1
0 194 1
0 195 1
0 196 1
0 197 1
0 198 1
0 199 1
0 200 1
0 202 1
0 203 1
0 204 1
0 205 1
0 206 1
0 207 1
0 209 1
1 162 1
1 163 1
1 165 1
1 166 1
1 167 1
1 168 1
1 169 1
1 170 1
1 172 1
1 173 1
1 175 1
1 179 1
1 181 1
1 182 1
1 184 1
1 185 1
1 188 1
1 190 1
1 193 1
1 194 1
1 197 1
1 202 1
1 203 1
1 204 1
1 205 1
1 207 1
1 209 1
2 153 1
2 161 1
2 177 1
2 179 1
2 187 1
2 189 1
2 205 1
2 206 1
2 208 1
3 163 1
3 167 1
3 175 1
3 181 1
3 193 1
4 193 1
5 181 1
5 182 1
5 198 1
6 154 1
6 157 1
6 158 1
6 169 1
6 183 1
6 193 1
6 199 1
6 200 1
7 196 1
8 168 1
9 162 1
9 193 1
9 196 1
10 196 1
11 173 1
11 196 1
12 196 1
13 154 1
13 157 1
13 158 1
13 179 1
13 183 1
13 196 1
13 197 1
13 198 1
14 163 1
14 167 1
14 192 1
15 196 1
16 163 1
16 167 1
16 193 1
17 181 1
18 169 1
18 175 1
18 182 1
18 193 1
18 196 1
18 197 1
18 199 1
18 200 1
18 202 1
19 181 1
19 193 1
19 196 1
20 168 1
20 173 1
20 193 1
21 154 1
21 157 1
21 169 1
21 175 1
21 179 1
21 181 1
21 183 1
21 193 1
21 196 1
22 160 1
22 162 1
22 163 1
22 167 1
22 168 1
22 174 1
22 175 1
22 181 1
22 182 1
22 193 1
22 198 1
22 202 1
23 158 1
23 163 1
23 167 1
24 181 1
24 193 1
24 198 1
25 169 1
26 154 1
26 157 1
26 158 1
26 160 1
26 162 1
26 183 1
26 192 1
26 193 1
26 197 1
26 198 1
27 171 1
27 173 1
28 160 1
28 163 1
28 167 1
28 168 1
28 175 1
28 181 1
28 182 1
28 193 1
28 196 1
29 173 1
30 163 1
30 167 1
30 199 1
30 200 1
31 169 1
31 184 1
32 181 1
33 193 1
34 168 1
34 170 1
34 172 1
35 196 1
35 199 1
35 200 1
36 154 1
36 157 1
36 158 1
36 175 1
36 179 1
36 181 1
36 183 1
36 192 1
36 193 1
36 196 1
36 199 1
36 200 1
37 168 1
37 184 1
38 182 1
39 196 1
40 169 1
40 188 1
41 163 1
41 167 1
42 179 1
42 184 1
42 198 1
43 158 1
43 184 1
44 192 1
44 196 1
45 158 1
45 163 1
45 167 1
45 169 1
45 173 1
45 174 1
45 193 1
45 199 1
45 200 1
45 202 1
45 204 1
46 154 1
46 157 1
46 158 1
46 163 1
46 167 1
46 175 1
46 181 1
46 182 1
46 183 1
46 184 1
46 196 1
46 198 1
47 163 1
47 167 1
47 175 1
47 182 1
47 202 1
49 161 1
49 166 1
49 176 1
49 178 1
49 179 1
49 186 1
49 190 1
49 201 1
49 202 1
49 205 1
49 206 1
53 161 1
53 162 1
53 179 1
53 208 1
55 153 1
55 164 1
56 205 1
56 206 1
57 153 1
57 156 1
57 177 1
57 206 1
58 205 1
59 153 1
59 179 1
59 205 1
59 208 1
62 156 1
62 161 1
62 177 1
62 187 1
62 205 1
62 208 1
64 208 1
65 154 1
65 157 1
65 161 1
65 179 1
65 183 1
65 187 1
65 208 1
67 156 1
67 164 1
67 208 1
68 208 1
74 153 1
74 156 1
74 161 1
74 177 1
74 205 1
75 164 1
75 205 1
77 155 1
77 177 1
77 187 1
77 205 1
78 156 1
78 161 1
78 162 1
78 164 1
78 179 1
78 195 1
78 205 1
79 153 1
79 156 1
79 179 1
79 208 1
84 208 1
87 205 1
87 206 1
93 156 1
93 205 1
93 208 1
94 206 1
97 159 1
97 161 1
97 179 1
97 187 1
98 179 1
100 206 1
