0 84 1
0 91 1
0 94 1
0 145 1
1 73 1
2 79 1
3 61 1
3 66 1
3 72 1
3 73 1
3 88 1
3 97 1
3 113 1
3 151 1
4 73 1
5 73 1
5 129 1
6 132 1
7 81 1
7 97 1
8 73 1
9 81 1
10 54 1
11 61 1
12 72 1
12 76 1
13 73 1
14 73 1
14 88 1
14 113 1
15 76 1
16 61 1
17 73 1
17 88 1
17 113 1
18 153 1
19 62 1
20 73 1
21 73 1
22 148 1
23 76 1
24 61 1
24 66 1
24 132 1
25 54 1
25 75 1
25 96 1
25 104 1
25 118 1
25 128 1
25 147 1
25 156 1
25 158 1
26 73 1
26 81 1
26 154 1
27 73 1
28 73 1
29 73 1
29 81 1
30 76 1
31 61 1
32 66 1
32 75 1
33 61 1
34 66 1
35 132 1
36 61 1
37 132 1
38 61 1
39 73 1
39 88 1
39 113 1
40 71 1
40 73 1
41 73 1
41 132 1
42 73 1
43 54 1
43 57 1
43 60 1
43 73 1
43 76 1
43 83 1
43 87 1
43 88 1
43 112 1
43 113 1
43 118 1
43 127 1
43 132 1
43 138 1
44 74 1
44 154 1
45 66 1
46 54 1
47 71 1
47 124 1
48 81 1
49 54 1
49 59 1
49 61 1
49 63 1
49 134 1
49 138 1
49 150 1
50 54 1
50 61 1
50 73 1
50 121 1
50 132 1
50 138 1
50 147 1
51 73 1
51 76 1
51 104 1
51 118 1
52 54 1
52 73 1
52 76 1
52 96 1
52 132 1
52 133 1
52 146 1
53 54 1
53 55 1
53 56 1
53 58 1
53 60 1
53 61 1
53 64 1
53 65 1
53 67 1
53 68 1
53 69 1
53 70 1
53 72 1
53 73 1
53 77 1
53 78 1
53 79 1
53 80 1
53 82 1
53 85 1
53 86 1
53 87 1
53 89 1
53 90 1
53 92 1
53 93 1
53 95 1
53 96 1
53 98 1
53 99 1
53 100 1
53 101 1
53 102 1
53 103 1
53 104 1
53 105 1
53 106 1
53 107 1
53 108 1
53 109 1
53 110 1
53 111 1
53 112 1
53 114 1
53 115 1
53 116 1
53 117 1
53 118 1
53 119 1
53 120 1
53 121 1
53 122 1
53 123 1
53 124 1
53 125 1
53 126 1
53 128 1
53 129 1
53 130 1
53 131 1
53 132 1
53 135 1
53 136 1
53 137 1
53 139 1
53 140 1
53 141 1
53 142 1
53 143 1
53 144 1
53 147 1
53 149 1
53 150 1
53 151 1
53 152 1
53 153 1
53 154 1
53 155 1
53 157 1
53 158 1
