0 15 17
0 16 2
0 17 3
0 30 1
0 31 8
0 32 8
0 33 2
0 45 2
0 58 4
1 15 10
1 17 15
1 30 3
1 32 93
1 57 1
1 58 13
1 60 3
2 36 30
3 30 7
3 32 16
3 54 1
4 24 1
4 43 2
4 44 4
4 49 8
5 21 1
5 22 27
5 29 17
5 32 2
5 36 1
5 41 1
5 53 3
5 61 1
6 24 1
6 32 1
6 36 2
6 39 1
6 48 7
6 55 1
6 59 3
6 61 8
7 20 1
7 24 2
7 26 3
7 27 1
7 28 1
7 31 2
7 40 1
7 42 2
7 47 1
7 62 1
8 19 3
8 24 3
8 29 2
8 30 8
8 32 15
8 36 5
8 39 4
8 40 4
8 44 1
8 46 2
8 48 2
8 49 2
8 55 3
8 56 11
8 59 2
8 63 1
8 64 1
8 65 1
9 32 155
9 34 3
9 38 3
9 44 1
11 30 7
11 32 105
11 53 3
12 23 85
12 24 39
12 25 4
12 29 3
12 30 2
12 32 11
12 37 5
12 39 2
12 40 1
12 44 2
12 46 3
12 48 1
12 49 2
12 51 36
12 55 51
12 59 16
12 62 2
13 18 2
13 24 12
13 30 10
13 32 4
13 35 32
13 36 1
13 40 14
13 44 1
13 48 2
13 50 1
13 51 10
13 52 3
13 55 25
13 59 3
13 63 3
14 25 1
14 30 95
14 32 55
14 39 2
14 40 27
14 59 20
14 63 1
