0 99 1
0 100 1
0 101 1
0 102 1
0 103 1
0 104 1
0 105 1
0 106 1
0 107 1
0 108 1
0 109 1
0 110 1
0 111 1
0 112 1
0 113 1
0 114 1
0 115 1
0 116 1
0 117 1
0 118 1
0 119 1
0 120 1
0 121 1
0 122 1
0 123 1
0 124 1
0 125 1
0 126 1
0 127 1
0 128 1
0 129 1
0 130 1
0 132 1
0 133 1
0 134 1
0 136 1
0 137 1
0 138 1
0 139 1
0 140 1
1 99 1
1 100 1
1 101 1
1 102 1
1 104 1
1 106 1
1 108 1
1 109 1
1 111 1
1 112 1
1 115 1
1 117 1
1 119 1
1 120 1
1 122 1
1 123 1
1 124 1
1 125 1
1 126 1
1 127 1
1 128 1
1 132 1
1 133 1
1 134 1
1 136 1
1 138 1
1 140 1
2 131 1
3 110 1
3 111 1
3 120 1
3 132 1
4 105 1
4 112 1
5 105 1
5 132 1
6 105 1
6 108 1
6 136 1
7 105 1
7 106 1
7 112 1
7 127 1
7 128 1
7 129 1
7 132 1
8 132 1
9 105 1
10 120 1
11 99 1
11 105 1
12 132 1
13 99 1
13 100 1
14 117 1
15 132 1
16 105 1
17 105 1
17 115 1
17 132 1
17 136 1
18 105 1
18 108 1
18 120 1
18 132 1
19 132 1
20 100 1
20 132 1
21 99 1
21 105 1
21 108 1
21 124 1
21 136 1
22 99 1
22 100 1
22 105 1
22 112 1
22 128 1
23 132 1
24 105 1
24 132 1
25 105 1
25 112 1
26 99 1
26 100 1
26 110 1
27 117 1
28 99 1
28 100 1
28 105 1
28 129 1
34 131 1
34 135 1
34 141 1
40 131 1
50 141 1
51 102 1
51 121 1
51 135 1
52 102 1
52 104 1
52 118 1
52 121 1
52 131 1
52 135 1
53 102 1
53 117 1
54 118 1
54 131 1
54 135 1
55 118 1
55 131 1
55 135 1
59 116 1
59 118 1
