0 103 1
0 104 1
0 106 1
0 117 1
0 118 1
0 119 1
0 136 1
0 139 1
0 144 1
0 147 1
0 155 1
1 104 1
1 105 1
1 107 1
1 108 1
1 111 1
1 112 1
1 114 1
1 115 1
1 121 1
1 122 1
1 123 1
1 124 1
1 125 1
1 130 1
1 131 1
1 133 1
1 134 1
1 135 1
1 137 1
1 138 1
1 140 1
1 144 1
1 150 1
1 151 1
1 152 1
1 154 1
2 105 1
2 106 1
2 108 1
2 109 1
2 110 1
2 111 1
2 112 1
2 113 1
2 116 1
2 120 1
2 121 1
2 122 1
2 123 1
2 124 1
2 125 1
2 126 1
2 127 1
2 129 1
2 132 1
2 135 1
2 137 1
2 138 1
2 140 1
2 142 1
2 143 1
2 144 1
2 145 1
2 146 1
2 149 1
2 150 1
2 151 1
2 153 1
2 154 1
3 104 1
3 105 1
3 107 1
3 108 1
3 111 1
3 112 1
3 113 1
3 115 1
3 116 1
3 121 1
3 122 1
3 123 1
3 124 1
3 125 1
3 127 1
3 129 1
3 130 1
3 132 1
3 135 1
3 137 1
3 138 1
3 140 1
3 142 1
3 143 1
3 145 1
3 146 1
3 148 1
3 150 1
3 151 1
3 152 1
3 153 1
4 112 1
4 143 1
4 153 1
5 112 1
5 151 1
6 112 1
6 114 1
6 133 1
6 134 1
7 107 1
7 152 1
8 105 1
8 108 1
8 137 1
8 138 1
9 107 1
9 121 1
9 123 1
9 124 1
9 152 1
10 105 1
10 107 1
10 150 1
10 152 1
11 115 1
12 121 1
12 123 1
12 124 1
13 112 1
13 133 1
14 112 1
15 112 1
15 121 1
15 123 1
15 124 1
16 107 1
16 108 1
16 112 1
16 116 1
16 125 1
16 130 1
16 135 1
16 144 1
16 150 1
16 152 1
17 121 1
17 123 1
17 124 1
17 133 1
18 144 1
18 150 1
19 135 1
20 105 1
20 129 1
20 144 1
21 107 1
21 108 1
21 112 1
21 152 1
22 107 1
22 108 1
22 111 1
22 114 1
22 115 1
22 130 1
22 134 1
22 143 1
22 144 1
22 152 1
22 153 1
23 104 1
23 107 1
23 112 1
23 114 1
23 115 1
23 116 1
23 122 1
23 129 1
23 130 1
23 132 1
23 134 1
23 137 1
23 138 1
23 140 1
23 144 1
23 152 1
24 116 1
26 155 1
29 141 1
29 155 1
30 155 1
34 103 1
34 104 1
34 128 1
34 137 1
34 138 1
34 141 1
34 142 1
34 147 1
34 154 1
34 155 1
37 155 1
38 155 1
39 155 1
40 155 1
41 126 1
41 155 1
44 104 1
44 117 1
44 118 1
44 119 1
44 120 1
44 126 1
44 132 1
44 136 1
44 139 1
44 141 1
44 142 1
44 149 1
47 115 1
48 155 1
54 155 1
55 155 1
58 155 1
60 155 1
61 155 1
62 155 1
63 155 1
65 155 1
67 155 1
69 154 1
69 155 1
74 117 1
74 118 1
74 119 1
74 136 1
74 139 1
74 155 1
75 155 1
76 155 1
