0 59 18
0 60 9
0 61 20
0 62 2
0 63 41
0 64 1
1 63 1
2 57 1
3 62 1
4 58 1
4 62 1
4 63 3
5 58 2
6 56 1
7 57 1
7 58 1
7 63 1
7 64 3
8 63 1
8 64 1
9 57 1
9 58 2
9 61 9
10 57 15
10 59 1
10 62 35
10 63 15
10 64 6
11 57 8
11 59 1
11 62 42
11 63 6
12 63 2
13 63 2
14 64 4
15 61 1
15 64 1
16 62 1
16 63 1
16 64 1
17 63 3
18 63 3
18 64 1
19 63 1
20 62 10
20 63 4
20 64 1
21 57 2
22 63 2
23 62 1
24 63 4
24 64 4
25 56 1
25 59 1
25 61 4
25 62 1
25 63 139
25 64 1
26 59 1
26 61 1
26 63 8
26 64 2
27 63 1
28 61 1
29 61 1
30 63 1
31 63 1
32 63 1
33 62 2
33 63 6
34 63 1
35 57 1
35 59 6
35 61 11
35 63 53
35 64 1
36 58 2
36 63 3
37 58 1
38 56 2
38 61 1
39 63 1
40 58 1
40 63 1
41 61 1
42 63 1
43 63 1
44 63 1
45 63 1
46 63 3
46 64 1
47 64 1
48 59 1
49 61 1
50 63 1
51 62 1
52 61 1
53 57 1
53 59 1
53 61 1
53 63 15
54 62 1
55 56 2
