0 17 5
0 18 2
0 20 9
0 31 2
0 32 9
0 36 2
0 48 2
0 61 15
0 64 3
1 18 13
1 20 36
1 31 18
1 32 4
1 35 31
1 36 4
1 48 4
1 61 18
1 64 4
1 65 27
1 66 4
2 17 4
2 18 4
2 20 57
2 23 2
2 29 2
2 31 4
2 33 2
2 34 4
2 35 2
2 48 12
2 60 16
2 61 67
2 64 10
2 65 18
2 66 18
3 26 3
3 28 1
3 29 5
3 31 5
3 39 2
3 42 11
3 50 1
3 63 3
3 65 1
3 66 11
4 26 3
4 29 3
4 31 3
4 44 3
4 47 3
4 57 10
5 26 14
5 29 14
5 45 14
5 51 57
5 63 14
6 24 14
6 28 42
6 41 14
6 47 14
6 66 14
7 26 5
7 27 13
7 29 13
7 31 1
7 39 5
7 42 71
7 43 7
7 50 1
7 63 90
8 63 20
9 22 19
9 26 2
9 29 2
9 31 1
9 39 5
9 42 3
9 47 3
9 49 2
9 50 1
9 52 9
9 53 5
9 63 6
9 69 9
10 24 3
10 28 3
10 29 6
10 30 3
10 31 36
10 37 60
10 41 48
10 46 6
10 56 3
10 65 3
10 66 15
11 31 5
11 59 15
12 19 10
12 28 10
12 29 10
12 31 20
12 44 15
12 56 5
12 62 45
12 63 15
13 25 8
13 26 28
13 27 4
13 29 4
13 31 1
13 40 17
13 42 1
13 43 3
13 49 3
13 50 3
13 52 3
13 54 5
13 63 21
13 65 1
13 66 1
13 67 12
14 26 14
14 29 7
14 31 1
14 38 5
14 39 4
14 42 1
14 43 39
14 45 2
14 47 3
14 50 4
14 51 2
14 52 5
14 53 5
14 55 1
14 58 5
14 63 47
14 68 3
15 29 45
15 31 12
15 42 8
15 43 37
15 52 8
15 53 12
15 63 50
15 67 37
15 68 37
16 21 34
16 26 14
16 31 1
16 42 2
16 50 1
16 54 1
16 63 13
16 66 1
16 69 45
