0 17 4
0 18 3
0 20 7
0 31 6
0 32 2
0 36 1
0 48 3
0 61 12
0 64 3
1 18 1
1 20 6
1 31 26
1 32 1
1 35 8
1 36 9
1 48 4
1 61 4
1 64 2
1 65 103
1 66 5
2 17 5
2 18 1
2 20 12
2 23 1
2 29 1
2 31 89
2 33 1
2 34 13
2 35 2
2 48 1
2 60 5
2 61 10
2 64 3
2 65 8
2 66 8
3 26 3
3 28 1
3 29 17
3 31 8
3 39 39
3 42 6
3 50 1
3 63 3
3 65 1
3 66 8
4 26 4
4 29 73
4 31 4
4 44 1
4 47 1
4 57 2
5 26 1
5 29 24
5 45 2
5 51 7
5 63 9
6 24 2
6 28 30
6 41 1
6 47 1
6 66 1
7 26 1
7 27 1
7 29 1
7 31 4
7 39 33
7 42 2
7 43 3
7 50 1
7 63 4
8 63 1
9 22 2
9 26 11
9 29 11
9 31 21
9 39 7
9 42 4
9 43 1
9 47 2
9 49 6
9 50 1
9 52 5
9 53 8
9 63 1
9 65 15
9 69 1
10 24 2
10 28 27
10 29 1
10 30 171
10 31 10
10 37 6
10 41 8
10 46 2
10 56 1
10 65 3
10 66 3
11 31 15
11 59 1
12 19 4
12 28 6
12 29 4
12 31 9
12 44 2
12 56 1
12 62 4
12 63 2
13 25 18
13 26 22
13 27 10
13 29 32
13 31 1
13 40 17
13 42 1
13 43 4
13 49 17
13 50 13
13 52 3
13 54 21
13 63 5
13 65 1
13 66 7
13 67 1
14 26 2
14 29 11
14 31 5
14 38 25
14 39 1
14 42 1
14 43 18
14 45 1
14 47 1
14 50 9
14 51 4
14 52 3
14 53 3
14 55 2
14 58 8
14 63 3
14 68 6
15 29 95
15 31 7
15 42 1
15 43 9
15 52 3
15 53 7
15 63 13
15 67 5
15 68 5
16 21 6
16 26 3
16 31 8
16 42 2
16 50 1
16 54 19
16 63 2
16 66 2
16 69 2
