0 59 1
0 72 1
1 59 1
1 72 1
2 54 1
3 67 1
4 55 1
5 74 1
6 75 1
6 77 1
7 75 1
7 77 1
8 56 1
9 57 1
9 75 1
10 57 1
10 61 1
10 68 1
10 71 1
11 53 1
11 55 1
11 73 1
11 77 1
11 79 1
11 80 1
12 70 1
12 74 1
12 77 1
13 75 1
14 60 1
15 63 1
16 75 1
17 55 1
17 58 1
17 60 1
17 62 1
17 68 1
17 75 1
17 76 1
17 80 1
18 68 1
18 70 1
19 66 1
20 62 1
20 68 1
20 71 1
21 75 1
22 68 1
23 75 1
24 61 1
24 68 1
24 70 1
24 75 1
24 78 1
24 79 1
24 80 1
25 56 1
25 57 1
25 64 1
25 69 1
26 67 1
27 70 1
27 73 1
27 75 1
28 53 1
29 53 1
29 55 1
29 74 1
30 64 1
31 75 1
31 80 1
32 63 1
33 61 1
34 64 1
34 65 1
35 60 1
35 61 1
36 61 1
37 61 1
37 75 1
38 58 1
38 63 1
39 60 1
40 70 1
41 61 1
42 60 1
42 61 1
42 75 1
43 58 1
43 61 1
44 56 1
44 62 1
44 63 1
44 75 1
45 65 1
46 73 1
46 78 1
47 71 1
48 61 1
48 65 1
48 73 1
49 65 1
49 75 1
49 76 1
49 78 1
50 69 1
51 65 1
52 65 1
52 75 1
