0 34 20
1 45 7
1 46 3
2 46 15
3 34 37
4 46 12
5 43 1
5 44 13
6 36 87
7 34 1
7 35 7
7 36 4
7 39 1
8 35 1
8 39 2
8 41 8
8 42 4
9 36 2
9 39 6
9 42 1
9 44 1
9 46 1
10 35 1
10 36 15
10 39 9
10 41 1
11 38 4
11 40 1
11 42 2
11 43 23
11 44 2
12 41 2
12 42 5
12 43 7
12 46 4
13 41 1
13 42 14
13 43 4
14 35 1
14 41 2
14 42 4
14 43 3
14 44 1
15 41 3
15 42 4
15 46 3
16 39 1
16 41 14
16 44 3
16 46 1
17 45 14
18 36 1
18 41 13
19 34 1
19 36 1
19 38 1
19 40 20
19 43 1
20 34 3
20 40 14
20 42 22
20 43 7
20 46 36
21 35 1
21 37 2
21 38 1
21 40 17
21 42 5
21 43 3
21 46 1
22 34 2
22 38 1
22 40 14
22 41 2
22 46 2
23 34 2
23 35 1
23 38 1
23 40 7
23 41 2
23 42 3
23 43 14
23 44 2
23 46 2
24 34 2
24 35 1
24 36 1
24 37 1
24 38 3
24 40 16
24 41 1
24 42 9
24 43 6
24 44 3
24 46 7
25 36 6
25 41 3
25 42 2
26 34 5
26 35 25
26 38 2
26 40 12
26 43 4
27 34 1
27 35 6
27 36 2
27 40 1
27 42 1
28 34 1
28 40 6
28 42 4
28 43 5
29 35 1
29 36 7
29 38 13
29 40 1
29 42 9
29 44 3
30 35 4
30 36 1
30 38 6
30 40 10
30 41 7
30 42 31
30 43 7
31 34 11
31 35 19
31 36 4
31 38 1
31 40 7
31 41 1
31 42 11
31 43 29
32 34 51
32 35 6
32 40 11
32 41 2
32 42 3
33 36 1
33 38 4
33 41 7
