0 20 612
0 21 480
0 22 867
0 23 4
0 24 603
0 25 1559
0 26 505
0 27 257
0 29 394
0 30 89
0 31 268
0 32 138
0 33 5
0 34 131
0 35 169
0 36 40
0 37 14
0 38 20
0 39 78
0 40 72
0 41 110
0 42 228
0 43 94
0 44 9
0 46 26
0 49 15
0 50 26
0 53 2
0 54 42
1 20 57
1 21 510
1 22 379
1 23 2
1 24 7
1 25 113
1 26 22
1 27 36
1 29 48
1 30 21
1 31 310
1 32 5
1 34 13
1 35 187
1 36 6
1 37 95
1 38 2
1 39 11
1 40 58
1 41 12
1 42 37
1 43 19
1 44 2
1 46 20
1 49 5
1 50 5
2 20 370
2 21 233
2 22 119
2 23 251
2 24 12
2 25 147
2 26 32
2 27 69
2 29 40
2 30 28
2 31 53
2 34 13
2 35 4
2 37 4
2 40 1
2 41 5
2 42 41
2 53 8
3 20 84
3 22 110
3 24 431
3 25 990
3 27 3
3 31 33
3 34 7
3 35 1
3 41 3
3 42 11
3 50 1
4 20 582
4 21 55
4 22 168
4 23 1
4 24 4
4 25 536
4 27 170
4 31 60
4 34 1
4 35 1
4 37 1
4 40 101
4 41 7
4 42 132
5 20 15
5 21 26
5 22 76
5 23 3
5 24 1
5 25 19
5 26 7
5 27 2
5 30 11
5 31 21
5 32 26
5 33 3
5 34 13
5 35 100
5 36 28
5 37 3
5 38 18
5 39 6
5 40 53
5 41 19
5 42 3
5 43 130
5 44 3
5 46 14
5 49 1
5 50 3
5 53 1
5 54 8
6 20 45
6 21 4
6 22 126
6 23 1
6 24 2
6 26 12
6 27 3
6 29 3
6 30 9
6 32 5
6 33 6
6 35 108
6 36 25
6 37 1
6 39 38
6 40 9
6 41 8
6 42 9
6 43 36
6 44 17
6 46 41
6 49 31
6 50 1
7 21 837
7 22 279
7 25 198
7 26 63
7 27 11
7 29 67
7 31 18
7 32 335
7 34 4
7 35 722
7 38 1
7 39 14
7 40 1976
7 42 90
7 46 6
9 20 32
9 24 15
9 25 96
9 29 9
10 21 3
10 22 12
11 26 1
11 29 1
11 30 5
11 32 2
11 35 15
11 36 3
11 44 2
11 49 3
12 26 3
12 32 3
12 35 12
12 36 7
12 39 9
12 49 1
13 26 3
13 27 27
13 29 4
13 30 2
13 31 1
13 33 1
13 35 19
13 40 13
13 41 1
14 26 1
14 27 7
14 29 7
14 35 3
15 27 24
15 29 8
15 31 17
15 34 12
15 35 1
15 40 2
16 32 2
16 35 3
16 49 1
17 32 5
17 35 1
18 35 4
18 46 3
19 40 4
