0 176 1
0 177 1
0 178 1
0 179 1
0 180 1
0 181 1
0 182 1
0 183 1
0 184 1
0 185 1
0 186 1
0 187 1
0 188 1
0 189 1
0 190 1
0 191 1
0 192 1
0 193 1
0 194 1
0 195 1
0 196 1
0 197 1
0 198 1
0 199 1
0 200 1
0 201 1
0 202 1
0 204 1
0 205 1
0 206 1
0 207 1
0 208 1
0 209 1
0 210 1
0 211 1
0 212 1
0 213 1
0 214 1
0 215 1
0 216 1
0 217 1
0 218 1
0 219 1
0 220 1
0 225 1
1 178 1
1 180 1
1 197 1
1 204 1
1 209 1
1 214 1
1 216 1
1 222 1
1 225 1
2 176 1
2 178 1
2 179 1
2 181 1
2 183 1
2 196 1
2 200 1
2 201 1
2 202 1
2 207 1
2 208 1
2 209 1
2 210 1
2 217 1
2 218 1
2 220 1
2 222 1
2 225 1
3 179 1
3 202 1
3 220 1
4 176 1
4 181 1
4 182 1
4 185 1
4 188 1
4 190 1
4 193 1
4 201 1
4 207 1
4 208 1
4 211 1
4 218 1
5 178 1
5 181 1
5 190 1
5 193 1
5 196 1
5 200 1
5 201 1
5 202 1
5 206 1
5 208 1
5 209 1
5 211 1
5 218 1
6 179 1
6 181 1
6 195 1
6 210 1
7 177 1
7 211 1
7 217 1
8 215 1
9 179 1
10 176 1
10 177 1
10 179 1
10 181 1
10 183 1
10 188 1
10 190 1
10 192 1
10 195 1
10 196 1
10 198 1
10 200 1
10 202 1
10 206 1
10 207 1
10 209 1
10 210 1
10 211 1
10 213 1
10 215 1
10 218 1
10 220 1
11 176 1
11 177 1
11 178 1
11 179 1
11 181 1
11 182 1
11 183 1
11 185 1
11 186 1
11 188 1
11 190 1
11 191 1
11 192 1
11 193 1
11 194 1
11 195 1
11 196 1
11 198 1
11 199 1
11 200 1
11 201 1
11 202 1
11 206 1
11 207 1
11 208 1
11 209 1
11 210 1
11 211 1
11 213 1
11 215 1
11 217 1
11 218 1
11 219 1
11 220 1
12 182 1
12 183 1
12 201 1
12 207 1
12 211 1
12 215 1
12 217 1
12 218 1
13 177 1
13 179 1
13 181 1
13 196 1
13 202 1
13 206 1
14 185 1
14 200 1
14 201 1
14 202 1
14 206 1
14 208 1
14 215 1
15 176 1
15 177 1
15 179 1
15 181 1
15 182 1
15 183 1
15 185 1
15 186 1
15 187 1
15 188 1
15 190 1
15 191 1
15 192 1
15 193 1
15 195 1
15 196 1
15 198 1
15 199 1
15 200 1
15 201 1
15 202 1
15 206 1
15 207 1
15 208 1
15 209 1
15 210 1
15 211 1
15 215 1
15 217 1
15 218 1
15 220 1
16 176 1
16 177 1
16 178 1
16 179 1
16 181 1
16 182 1
16 183 1
16 185 1
16 186 1
16 187 1
16 188 1
16 190 1
16 191 1
16 192 1
16 193 1
16 194 1
16 195 1
16 196 1
16 198 1
16 199 1
16 200 1
16 201 1
16 202 1
16 206 1
16 207 1
16 208 1
16 209 1
16 210 1
16 211 1
16 213 1
16 215 1
16 217 1
16 218 1
16 219 1
16 220 1
17 215 1
18 176 1
18 178 1
18 179 1
18 181 1
18 182 1
18 183 1
18 185 1
18 186 1
18 187 1
18 190 1
18 191 1
18 196 1
18 198 1
18 201 1
18 202 1
18 207 1
18 208 1
18 215 1
18 217 1
18 218 1
18 219 1
19 179 1
19 181 1
19 217 1
20 191 1
21 176 1
21 177 1
21 179 1
21 181 1
21 182 1
21 183 1
21 190 1
21 201 1
21 202 1
21 206 1
21 207 1
21 208 1
21 209 1
21 210 1
21 211 1
21 215 1
21 218 1
21 219 1
22 176 1
22 177 1
22 178 1
22 179 1
22 181 1
22 182 1
22 183 1
22 186 1
22 187 1
22 188 1
22 190 1
22 191 1
22 193 1
22 194 1
22 195 1
22 196 1
22 198 1
22 199 1
22 200 1
22 201 1
22 208 1
22 209 1
22 211 1
22 213 1
22 215 1
22 217 1
22 218 1
22 219 1
22 220 1
23 176 1
23 181 1
23 198 1
23 208 1
23 215 1
24 176 1
24 179 1
24 181 1
24 190 1
24 192 1
24 196 1
24 209 1
25 176 1
25 178 1
25 181 1
25 182 1
25 190 1
25 194 1
25 196 1
25 202 1
25 211 1
25 218 1
26 176 1
26 179 1
26 181 1
26 190 1
26 191 1
26 196 1
26 199 1
26 201 1
26 209 1
26 210 1
26 211 1
26 215 1
26 218 1
27 176 1
27 177 1
27 178 1
27 179 1
27 181 1
27 183 1
27 186 1
27 187 1
27 188 1
27 190 1
27 191 1
27 193 1
27 195 1
27 196 1
27 198 1
27 200 1
27 201 1
27 202 1
27 207 1
27 217 1
27 218 1
27 220 1
28 176 1
28 177 1
28 179 1
28 182 1
28 183 1
28 186 1
28 187 1
28 195 1
28 196 1
28 200 1
28 202 1
28 206 1
28 207 1
28 208 1
28 209 1
28 211 1
28 215 1
28 217 1
28 218 1
28 219 1
28 220 1
29 176 1
29 179 1
29 181 1
29 182 1
29 183 1
29 186 1
29 187 1
29 196 1
29 198 1
29 201 1
29 202 1
29 207 1
29 208 1
29 209 1
29 215 1
29 217 1
30 176 1
30 177 1
30 179 1
30 181 1
30 182 1
30 183 1
30 185 1
30 186 1
30 187 1
30 188 1
30 190 1
30 191 1
30 192 1
30 193 1
30 195 1
30 196 1
30 198 1
30 199 1
30 200 1
30 201 1
30 202 1
30 206 1
30 207 1
30 208 1
30 209 1
30 210 1
30 211 1
30 213 1
30 215 1
30 217 1
30 218 1
30 219 1
30 220 1
31 181 1
31 183 1
31 186 1
31 192 1
31 198 1
31 211 1
32 177 1
32 179 1
32 182 1
32 183 1
32 188 1
32 191 1
32 198 1
32 199 1
32 200 1
32 201 1
32 202 1
32 207 1
32 208 1
32 215 1
32 217 1
32 220 1
33 176 1
33 177 1
33 179 1
33 181 1
33 182 1
33 183 1
33 185 1
33 187 1
33 188 1
33 190 1
33 191 1
33 192 1
33 195 1
33 196 1
33 198 1
33 200 1
33 201 1
33 202 1
33 206 1
33 207 1
33 208 1
33 209 1
33 211 1
33 213 1
33 215 1
33 217 1
33 218 1
33 219 1
34 218 1
35 177 1
35 181 1
35 183 1
35 190 1
35 198 1
35 200 1
35 206 1
35 211 1
35 215 1
35 218 1
36 199 1
36 210 1
36 219 1
37 179 1
38 179 1
38 183 1
38 211 1
39 176 1
39 177 1
39 178 1
39 179 1
39 181 1
39 183 1
39 185 1
39 186 1
39 187 1
39 188 1
39 190 1
39 191 1
39 192 1
39 193 1
39 195 1
39 196 1
39 198 1
39 199 1
39 200 1
39 201 1
39 202 1
39 206 1
39 207 1
39 208 1
39 209 1
39 210 1
39 211 1
39 213 1
39 215 1
39 217 1
39 218 1
39 220 1
40 176 1
40 177 1
40 179 1
40 181 1
40 182 1
40 185 1
40 191 1
40 192 1
40 196 1
40 198 1
40 199 1
40 200 1
40 208 1
40 209 1
40 210 1
40 211 1
40 215 1
40 217 1
40 218 1
40 219 1
41 177 1
42 177 1
42 182 1
42 183 1
42 188 1
42 201 1
42 202 1
42 206 1
42 207 1
42 210 1
42 217 1
42 218 1
42 219 1
42 220 1
43 179 1
43 181 1
43 183 1
43 185 1
43 190 1
43 196 1
43 202 1
43 217 1
44 176 1
44 177 1
44 178 1
44 179 1
44 181 1
44 182 1
44 183 1
44 185 1
44 186 1
44 188 1
44 190 1
44 191 1
44 195 1
44 196 1
44 198 1
44 200 1
44 201 1
44 202 1
44 206 1
44 207 1
44 208 1
44 209 1
44 210 1
44 211 1
44 213 1
44 215 1
44 217 1
44 218 1
44 219 1
44 220 1
45 187 1
46 178 1
46 179 1
46 181 1
46 182 1
46 183 1
46 185 1
46 186 1
46 190 1
46 193 1
46 195 1
46 198 1
46 201 1
46 202 1
46 207 1
46 210 1
46 215 1
46 217 1
46 218 1
47 209 1
47 217 1
47 219 1
48 176 1
48 179 1
48 182 1
48 185 1
48 198 1
48 213 1
48 215 1
48 220 1
49 181 1
49 194 1
49 196 1
49 198 1
49 206 1
49 215 1
49 220 1
50 176 1
50 177 1
50 178 1
50 179 1
50 181 1
50 182 1
50 183 1
50 185 1
50 186 1
50 187 1
50 188 1
50 190 1
50 191 1
50 193 1
50 195 1
50 196 1
50 198 1
50 200 1
50 201 1
50 202 1
50 206 1
50 207 1
50 209 1
50 210 1
50 211 1
50 213 1
50 215 1
50 217 1
50 219 1
51 176 1
51 177 1
51 178 1
51 179 1
51 181 1
51 182 1
51 183 1
51 186 1
51 187 1
51 188 1
51 190 1
51 191 1
51 195 1
51 196 1
51 198 1
51 201 1
51 202 1
51 206 1
51 207 1
51 208 1
51 209 1
51 210 1
51 211 1
51 215 1
51 217 1
51 218 1
51 219 1
52 179 1
52 181 1
52 196 1
52 198 1
53 186 1
53 187 1
53 201 1
53 208 1
54 190 1
54 199 1
55 176 1
55 177 1
55 178 1
55 179 1
55 182 1
55 183 1
55 186 1
55 187 1
55 188 1
55 196 1
55 199 1
55 201 1
55 202 1
55 207 1
55 211 1
55 217 1
56 176 1
56 179 1
56 198 1
56 201 1
56 217 1
57 186 1
58 177 1
58 178 1
58 181 1
58 190 1
58 195 1
58 196 1
59 190 1
59 202 1
59 209 1
60 176 1
60 206 1
61 176 1
61 178 1
61 179 1
61 181 1
61 186 1
61 187 1
61 190 1
61 196 1
61 201 1
61 210 1
61 217 1
62 202 1
64 225 1
65 225 1
66 225 1
67 225 1
68 225 1
70 197 1
70 204 1
70 221 1
70 224 1
70 225 1
72 197 1
73 197 1
73 203 1
73 225 1
75 197 1
75 204 1
75 212 1
75 215 1
75 216 1
75 218 1
75 221 1
75 222 1
75 224 1
75 225 1
77 197 1
77 203 1
77 204 1
77 212 1
77 216 1
77 222 1
77 225 1
78 225 1
83 225 1
84 225 1
85 176 1
85 180 1
85 216 1
85 222 1
85 225 1
89 216 1
90 225 1
91 225 1
92 225 1
93 225 1
95 197 1
95 204 1
95 216 1
95 222 1
98 225 1
101 225 1
102 225 1
103 204 1
103 216 1
103 225 1
104 197 1
105 222 1
106 225 1
108 221 1
108 224 1
111 225 1
