0 127 1
0 130 1
0 133 1
0 134 1
0 135 1
0 136 1
0 137 1
0 138 1
0 139 1
0 140 1
0 141 1
0 142 1
0 144 1
0 145 1
0 147 1
0 148 1
0 149 1
0 151 1
0 153 1
0 154 1
0 155 1
0 156 1
1 136 1
1 140 1
1 141 1
1 149 1
1 153 1
1 155 1
1 156 1
2 140 1
3 129 1
3 156 1
3 157 1
4 130 1
4 134 1
4 135 1
4 139 1
4 141 1
4 142 1
4 144 1
4 148 1
4 149 1
4 151 1
4 156 1
5 134 1
5 136 1
5 138 1
5 139 1
5 140 1
5 141 1
5 142 1
5 145 1
5 147 1
5 148 1
5 149 1
5 151 1
5 153 1
5 154 1
5 156 1
6 141 1
6 154 1
7 138 1
7 139 1
8 130 1
8 134 1
8 137 1
8 139 1
8 140 1
8 144 1
8 149 1
9 139 1
10 134 1
10 135 1
10 136 1
10 137 1
10 138 1
10 139 1
10 140 1
10 141 1
10 142 1
10 144 1
10 147 1
10 148 1
10 149 1
10 151 1
10 153 1
10 154 1
10 156 1
11 130 1
11 134 1
11 136 1
11 137 1
11 138 1
11 139 1
11 140 1
11 141 1
11 142 1
11 144 1
11 145 1
11 147 1
11 149 1
11 153 1
11 154 1
11 156 1
12 147 1
12 151 1
13 144 1
13 156 1
14 148 1
15 127 1
15 130 1
15 134 1
15 136 1
15 137 1
15 138 1
15 139 1
15 140 1
15 141 1
15 142 1
15 144 1
15 147 1
15 148 1
15 149 1
15 151 1
15 153 1
15 154 1
15 156 1
16 127 1
16 130 1
16 134 1
16 135 1
16 136 1
16 137 1
16 138 1
16 139 1
16 140 1
16 141 1
16 142 1
16 144 1
16 145 1
16 148 1
16 149 1
16 153 1
16 154 1
16 156 1
17 134 1
17 135 1
17 140 1
17 145 1
17 147 1
17 149 1
17 153 1
18 127 1
18 142 1
18 148 1
19 127 1
19 130 1
19 134 1
19 135 1
19 136 1
19 137 1
19 139 1
19 140 1
19 141 1
19 142 1
19 144 1
19 145 1
19 147 1
19 154 1
20 134 1
21 127 1
21 134 1
21 135 1
21 136 1
21 137 1
21 139 1
21 141 1
21 142 1
21 145 1
21 147 1
21 148 1
21 149 1
21 151 1
21 153 1
21 156 1
22 135 1
22 137 1
22 145 1
22 147 1
22 153 1
22 154 1
23 127 1
23 135 1
23 136 1
23 142 1
23 147 1
24 127 1
24 138 1
24 139 1
24 142 1
24 145 1
24 147 1
24 154 1
25 127 1
25 142 1
25 145 1
25 147 1
25 149 1
26 127 1
26 130 1
26 136 1
26 137 1
26 140 1
26 141 1
26 142 1
26 144 1
26 147 1
26 148 1
26 149 1
26 153 1
26 156 1
27 130 1
27 135 1
27 136 1
27 138 1
27 139 1
27 141 1
27 147 1
27 148 1
27 149 1
27 151 1
27 153 1
27 154 1
27 156 1
28 127 1
28 140 1
28 142 1
28 147 1
29 127 1
29 130 1
29 134 1
29 136 1
29 140 1
29 141 1
29 142 1
29 144 1
29 145 1
29 147 1
29 148 1
29 149 1
29 153 1
29 156 1
30 130 1
30 134 1
30 135 1
30 136 1
30 137 1
30 138 1
30 139 1
30 140 1
30 144 1
30 145 1
30 147 1
30 148 1
30 154 1
31 136 1
31 148 1
31 153 1
31 156 1
32 144 1
32 145 1
32 151 1
33 138 1
33 139 1
33 140 1
33 141 1
33 144 1
33 147 1
33 148 1
33 151 1
33 154 1
34 135 1
34 136 1
34 140 1
34 144 1
34 153 1
35 127 1
35 130 1
35 134 1
35 139 1
35 141 1
35 142 1
35 144 1
35 145 1
36 147 1
36 149 1
37 127 1
37 130 1
37 136 1
37 137 1
37 139 1
37 142 1
37 147 1
37 148 1
38 138 1
38 144 1
38 147 1
38 151 1
38 153 1
38 156 1
39 130 1
39 134 1
39 138 1
39 139 1
39 140 1
39 144 1
39 145 1
39 148 1
39 149 1
40 140 1
40 144 1
41 127 1
41 136 1
41 141 1
41 142 1
41 153 1
42 135 1
42 138 1
42 144 1
42 156 1
43 127 1
43 134 1
43 136 1
43 138 1
43 139 1
43 142 1
43 144 1
43 147 1
43 148 1
43 149 1
43 154 1
43 156 1
44 127 1
44 130 1
44 134 1
44 135 1
44 136 1
44 137 1
44 139 1
44 140 1
44 141 1
44 142 1
44 144 1
44 145 1
44 147 1
44 148 1
44 149 1
44 151 1
44 154 1
44 156 1
45 127 1
45 136 1
45 140 1
45 141 1
45 142 1
45 144 1
45 148 1
45 149 1
45 154 1
45 156 1
46 135 1
46 136 1
46 139 1
46 140 1
46 144 1
46 149 1
47 148 1
50 157 1
57 157 1
61 129 1
61 157 1
62 129 1
62 157 1
63 157 1
65 157 1
67 157 1
69 129 1
69 157 1
71 157 1
72 157 1
75 157 1
