0 133 1
0 136 1
0 137 1
0 139 1
0 140 1
0 141 1
0 142 1
0 144 1
0 146 1
0 147 1
0 148 1
0 149 1
0 152 1
0 153 1
0 154 1
0 155 1
0 156 1
0 157 1
0 159 1
0 162 1
0 163 1
0 164 1
1 133 1
1 135 1
1 140 1
1 142 1
1 153 1
1 154 1
1 155 1
1 157 1
1 159 1
1 161 1
1 162 1
1 163 1
2 133 1
2 134 1
2 138 1
2 143 1
2 150 1
2 154 1
2 165 1
3 133 1
4 139 1
4 146 1
4 153 1
4 154 1
4 159 1
4 163 1
5 135 1
5 136 1
5 137 1
5 139 1
5 142 1
5 144 1
5 146 1
5 152 1
5 154 1
5 157 1
5 159 1
5 162 1
5 163 1
5 164 1
6 136 1
6 144 1
6 146 1
6 153 1
6 154 1
6 163 1
7 139 1
7 154 1
8 133 1
8 135 1
8 136 1
8 142 1
8 146 1
8 148 1
8 152 1
8 153 1
8 154 1
8 155 1
8 159 1
8 163 1
9 157 1
10 132 1
11 133 1
11 135 1
11 136 1
11 137 1
11 139 1
11 142 1
11 144 1
11 146 1
11 148 1
11 149 1
11 152 1
11 153 1
11 154 1
11 155 1
11 157 1
11 159 1
11 162 1
11 163 1
11 164 1
12 133 1
12 136 1
12 137 1
12 140 1
12 142 1
12 146 1
12 148 1
12 149 1
12 153 1
12 154 1
12 155 1
12 156 1
12 157 1
12 159 1
12 163 1
12 164 1
13 133 1
13 135 1
13 139 1
13 153 1
13 154 1
14 139 1
15 142 1
15 144 1
15 154 1
15 161 1
16 133 1
16 135 1
16 136 1
16 139 1
16 142 1
16 144 1
16 149 1
16 153 1
16 154 1
16 155 1
16 159 1
16 162 1
16 163 1
17 133 1
17 135 1
17 136 1
17 146 1
17 152 1
17 157 1
18 162 1
19 136 1
19 139 1
19 144 1
19 154 1
19 157 1
20 139 1
20 142 1
20 149 1
20 153 1
20 154 1
20 155 1
20 159 1
20 163 1
21 135 1
21 163 1
22 133 1
22 135 1
22 152 1
23 133 1
23 135 1
23 136 1
23 139 1
23 142 1
23 144 1
23 146 1
23 152 1
23 153 1
23 154 1
23 159 1
23 163 1
23 164 1
24 154 1
25 133 1
25 135 1
25 136 1
25 139 1
25 140 1
25 144 1
25 149 1
25 152 1
25 153 1
25 154 1
25 163 1
26 133 1
26 135 1
26 136 1
26 137 1
26 139 1
26 146 1
26 149 1
26 153 1
26 154 1
26 155 1
26 162 1
27 133 1
27 136 1
27 137 1
27 139 1
27 144 1
27 152 1
27 153 1
27 155 1
27 157 1
27 159 1
27 162 1
27 163 1
28 136 1
28 139 1
28 142 1
28 144 1
28 146 1
28 148 1
28 154 1
28 155 1
29 133 1
29 135 1
29 144 1
29 149 1
29 152 1
29 163 1
30 154 1
31 136 1
31 144 1
31 163 1
32 152 1
33 146 1
33 149 1
33 152 1
33 153 1
34 133 1
34 136 1
34 139 1
34 142 1
34 146 1
34 149 1
34 153 1
34 154 1
34 159 1
34 163 1
35 136 1
35 142 1
35 154 1
35 159 1
35 163 1
36 140 1
36 159 1
37 136 1
37 159 1
38 133 1
38 135 1
38 136 1
38 139 1
38 142 1
38 144 1
38 147 1
38 148 1
38 149 1
38 152 1
38 153 1
38 154 1
38 155 1
38 159 1
39 133 1
39 161 1
40 144 1
40 159 1
41 136 1
41 139 1
41 148 1
41 153 1
41 154 1
41 159 1
42 135 1
42 149 1
42 163 1
43 139 1
44 146 1
44 154 1
44 162 1
45 132 1
45 133 1
45 136 1
45 139 1
45 140 1
45 142 1
45 144 1
45 149 1
45 152 1
45 153 1
45 154 1
45 159 1
45 163 1
46 133 1
46 135 1
46 139 1
46 142 1
46 144 1
46 153 1
46 154 1
46 156 1
46 157 1
46 163 1
47 140 1
47 149 1
47 156 1
48 133 1
48 139 1
48 154 1
48 155 1
48 156 1
51 165 1
55 134 1
61 150 1
61 153 1
61 160 1
61 165 1
65 165 1
70 134 1
70 138 1
71 160 1
72 160 1
72 165 1
76 165 1
77 134 1
77 165 1
80 165 1
