0 116 1
0 118 1
0 119 1
0 120 1
0 121 1
0 122 1
0 123 1
0 125 1
0 126 1
0 127 1
0 128 1
0 129 1
0 130 1
0 131 1
0 133 1
0 135 1
0 137 1
0 138 1
0 139 1
0 140 1
0 141 1
0 142 1
0 143 1
0 144 1
0 145 1
0 146 1
0 147 1
0 148 1
0 154 1
0 155 1
1 116 1
1 119 1
1 121 1
1 122 1
1 123 1
1 125 1
1 126 1
1 129 1
1 131 1
1 133 1
1 135 1
1 137 1
1 138 1
1 139 1
1 140 1
1 142 1
1 145 1
1 155 1
2 135 1
2 137 1
3 119 1
4 145 1
5 119 1
6 138 1
7 125 1
7 140 1
7 142 1
8 142 1
8 145 1
9 129 1
9 138 1
10 140 1
11 134 1
11 144 1
12 144 1
13 138 1
14 119 1
14 144 1
14 145 1
15 127 1
15 137 1
15 142 1
15 144 1
15 147 1
16 142 1
17 142 1
18 121 1
18 122 1
18 137 1
18 140 1
18 142 1
19 125 1
19 131 1
19 134 1
19 144 1
20 144 1
21 138 1
22 135 1
23 131 1
24 116 1
24 119 1
24 120 1
24 123 1
24 129 1
24 131 1
24 138 1
24 139 1
24 142 1
24 144 1
25 144 1
26 140 1
27 137 1
27 144 1
27 145 1
28 116 1
28 139 1
29 116 1
29 119 1
29 127 1
29 129 1
29 138 1
29 139 1
29 144 1
29 145 1
29 147 1
30 135 1
31 138 1
32 116 1
32 139 1
33 116 1
33 139 1
33 140 1
34 116 1
34 119 1
34 123 1
34 127 1
34 137 1
34 139 1
34 140 1
34 145 1
34 147 1
35 119 1
35 125 1
35 135 1
35 137 1
36 119 1
36 120 1
36 125 1
36 131 1
36 134 1
36 146 1
37 134 1
38 118 1
38 135 1
38 148 1
38 149 1
39 135 1
43 152 1
47 118 1
47 135 1
48 132 1
48 149 1
50 124 1
50 136 1
50 152 1
51 124 1
51 132 1
51 135 1
51 136 1
51 149 1
51 152 1
53 118 1
53 135 1
53 152 1
53 153 1
57 152 1
59 132 1
61 124 1
61 132 1
61 136 1
61 148 1
61 149 1
63 152 1
65 124 1
65 136 1
66 135 1
66 152 1
67 155 1
68 152 1
70 153 1
73 152 1
