0 80 57
0 107 100
0 118 57
0 124 28
0 135 100
0 148 85
0 170 57
1 45 20
1 80 13
1 84 60
1 93 80
1 104 100
1 105 33
1 115 13
1 117 26
1 124 53
1 136 46
1 147 20
1 148 60
1 155 6
1 163 6
2 45 42
2 80 17
2 89 17
2 93 9
2 104 19
2 105 23
2 115 34
2 117 5
2 124 32
2 136 15
2 143 7
2 148 28
2 155 13
2 169 5
2 172 23
3 57 69
3 63 26
3 64 8
3 70 13
3 80 30
3 91 8
3 94 17
3 96 8
3 120 86
3 123 69
3 125 47
3 132 95
3 145 17
3 148 39
3 154 21
3 161 17
4 33 20
4 95 60
4 109 40
4 158 40
5 31 25
5 33 7
5 47 7
5 51 11
5 54 11
5 55 13
5 58 3
5 72 11
5 78 23
5 82 7
5 85 27
5 90 5
5 94 7
5 108 13
5 110 5
5 111 9
5 112 23
5 126 13
5 129 7
5 134 7
5 144 7
5 145 13
5 149 13
5 150 15
5 153 3
5 157 3
5 158 31
5 159 19
5 165 15
5 173 3
6 33 100
6 47 100
6 55 100
6 56 100
6 78 67
6 82 16
6 92 66
6 95 16
6 97 33
6 124 50
6 133 16
6 143 16
6 145 16
6 165 16
7 37 81
7 52 81
7 82 9
7 91 9
7 94 9
8 43 40
8 53 40
8 80 60
8 82 60
9 50 50
9 80 25
9 82 25
9 141 12
9 145 12
10 80 22
10 100 22
10 119 22
10 132 22
10 156 22
11 44 16
11 70 4
11 80 16
11 82 52
11 91 16
11 94 20
11 112 16
11 134 16
11 141 8
11 156 12
11 169 12
11 172 4
12 41 45
12 70 10
12 80 25
12 91 25
12 92 30
12 94 55
12 112 20
12 156 30
13 44 100
13 58 16
13 80 33
13 82 33
13 91 50
13 92 33
13 98 16
14 52 60
15 40 100
15 59 5
15 61 10
15 63 25
15 70 30
15 74 25
15 80 30
15 86 25
15 94 55
15 100 10
15 103 65
15 114 70
15 134 30
15 143 20
15 145 85
15 148 10
15 158 15
15 168 30
16 50 27
16 60 27
16 73 18
16 103 90
16 145 54
16 158 27
17 63 23
17 80 41
17 94 52
17 106 82
17 126 11
17 129 11
17 130 17
17 132 52
17 137 17
17 141 23
17 143 11
17 145 41
17 148 70
17 158 17
17 162 17
17 167 35
18 42 35
18 48 23
18 67 29
18 77 23
18 82 23
18 94 17
18 114 17
18 129 23
18 145 17
18 152 11
19 50 76
19 75 30
19 80 92
19 94 100
19 101 23
19 128 15
19 132 15
19 143 15
19 174 15
20 50 65
20 63 30
20 70 40
20 73 35
20 76 40
20 80 35
20 94 25
20 99 30
20 114 20
20 131 10
20 133 20
20 141 25
20 142 15
20 145 50
20 151 20
20 164 5
20 165 35
20 166 35
21 49 12
21 63 18
21 70 37
21 72 37
21 79 50
21 80 50
21 82 25
21 91 37
21 94 75
21 99 12
21 114 75
21 126 25
21 134 25
21 145 25
22 32 73
22 36 73
22 63 5
22 68 8
22 70 27
22 72 32
22 80 32
22 81 16
22 83 5
22 94 18
22 96 21
22 113 64
22 116 16
22 129 21
22 134 27
22 140 2
22 145 81
22 151 86
22 165 21
22 166 32
23 38 20
23 79 7
23 80 5
23 82 10
23 91 2
23 94 7
23 102 7
23 114 20
23 119 7
23 143 5
23 145 17
23 165 20
24 35 40
24 62 34
24 66 4
24 69 3
24 70 6
24 71 13
24 79 25
24 80 37
24 87 26
24 94 22
24 100 9
24 104 9
24 114 23
24 119 17
24 126 17
24 129 11
24 134 9
24 137 13
24 138 1
24 139 7
24 140 1
24 143 10
24 145 26
24 161 7
24 165 31
24 172 9
25 34 83
25 65 22
25 69 44
25 70 33
25 80 33
25 82 44
25 87 55
25 94 55
25 100 83
25 114 44
25 121 33
25 126 22
25 129 11
25 132 33
25 138 5
25 148 44
25 154 83
25 160 66
25 165 88
25 171 27
26 34 55
26 63 13
26 66 20
26 70 13
26 79 13
26 80 17
26 87 34
26 94 48
26 100 100
26 114 37
26 121 27
26 127 20
26 132 55
26 138 6
26 148 41
26 154 79
26 160 62
26 165 100
26 166 37
26 172 24
26 174 17
27 50 43
27 62 25
27 63 12
27 80 37
27 82 18
27 94 37
27 101 18
27 129 18
27 134 18
27 141 31
27 146 43
27 173 25
28 50 79
28 62 16
28 63 12
28 70 25
28 80 41
28 94 66
28 134 20
28 141 16
28 145 45
28 173 12
29 39 42
29 75 22
29 79 14
29 80 14
29 82 11
29 91 14
29 101 20
29 129 14
29 134 34
29 145 22
29 158 5
29 162 28
29 165 8
30 44 80
30 46 40
30 80 80
30 88 40
30 94 100
30 114 40
30 122 30
30 129 50
30 134 40
30 141 60
30 148 40
30 152 20
